1
1
1
1
1
3
3
4
4
5
6
7
7
7
7
9
9
10
11
11
12
13
15
15
16
16
17
18
19
24
26
26
27
30
30
31
32
32
35
35
36
38
38
38
39
39
40
41
43
45
46
46
49
49
53
53
56
56
56
58
58
59
60
61
62
62
62
64
66
66
67
67
68
69
69
70
70
72
72
73
75
76
76
77
78
78
79
79
80
80
81
81
83
84
84
84
84
87
87
87
89
90
90
91
91
92
93
95
95
96
97
98
100
100
101
101
102
102
104
104
105
106
107
109
109
111
112
112
115
116
117
117
118
119
119
120
122
122
125
127
127
127
128
130
130
131
131
131
131
131
133
134
135
137
138
139
140
143
144
145
147
148
149
149
150
151
151
151
151
152
153
153
153
153
154
156
157
158
158
161
161
162
163
163
164
166
168
168
169
172
173
176
181
182
184
187
189
190
191
191
192
193
194
195
196
197
197
197
200
200
201
201
206
207
208
208
209
209
213
214
214
215
215
215
217
217
217
218
219
220
220
221
222
222
226
229
230
232
232
232
232
234
234
236
237
238
238
239
241
242
242
242
243
244
246
247
248
251
251
252
252
254
254
256
258
260
260
261
262
263
264
265
265
266
267
267
269
269
270
272
274
275
276
277
279
280
280
282
282
282
282
283
283
285
288
288
289
289
290
291
291
291
292
293
294
294
300
300
305
305
306
307
308
310
310
311
311
313
314
314
315
317
318
320
320
321
322
322
324
325
325
325
325
327
327
327
327
327
329
329
331
332
332
333
335
335
337
338
340
341
343
343
344
344
345
345
347
347
348
349
349
350
352
352
352
353
353
355
355
356
356
356
356
357
357
359
359
360
361
362
362
362
362
363
363
364
364
364
365
365
367
368
368
368
368
369
370
371
373
373
374
374
375
376
380
381
382
382
383
383
384
385
386
389
391
391
391
392
392
393
393
393
395
395
396
396
397
398
398
400
400
401
402
404
405
407
407
408
410
410
411
413
413
415
416
416
416
418
421
422
423
423
424
424
424
425
426
428
428
429
429
429
431
433
433
435
435
437
437
437
437
439
440
441
442
444
444
448
448
448
448
449
451
454
455
455
455
457
458
459
459
460
460
461
462
464
464
464
465
466
467
467
468
468
469
469
470
470
470
470
471
472
473
474
477
477
478
479
480
480
481
481
482
482
482
484
485
485
485
486
487
488
489
492
494
495
496
496
496
499
499
501
502
503
503
505
506
507
507
508
509
509
510
511
511
513
515
516
518
520
520
522
522
522
523
523
524
525
529
530
531
532
535
536
537
537
538
538
539
539
540
542
542
542
544
544
545
546
547
548
549
552
553
554
555
556
556
557
559
559
559
560
564
566
568
568
569
569
570
571
572
573
573
573
573
574
575
576
578
580
581
582
583
584
584
584
586
587
588
588
588
589
590
591
592
593
595
596
597
597
598
599
599
600
600
602
603
604
604
604
608
608
612
612
613
614
614
614
617
617
619
620
621
621
621
622
623
623
623
624
625
629
631
631
631
632
634
636
636
636
636
637
637
639
642
644
644
645
646
647
647
647
649
650
650
655
655
658
660
660
661
661
662
662
668
669
671
672
675
677
678
681
681
681
681
682
682
682
682
683
685
685
686
686
687
687
687
688
689
690
690
690
691
695
697
697
698
699
699
702
702
702
702
703
704
707
708
708
708
709
711
712
712
714
716
717
717
717
718
722
723
724
726
726
728
728
730
731
731
731
732
732
734
734
736
737
737
738
738
738
739
739
740
740
741
741
742
742
745
745
746
746
747
747
750
750
753
754
755
756
757
761
762
763
765
766
766
767
768
768
770
770
771
771
771
773
773
774
776
776
778
779
779
780
782
784
786
789
790
791
792
792
793
793
794
795
796
796
797
798
798
798
798
799
799
802
804
805
805
805
806
806
806
806
809
811
812
812
816
816
817
818
818
818
819
819
819
819
820
826
826
827
829
829
832
832
832
833
833
834
834
837
839
840
842
843
844
845
846
847
848
848
849
850
850
851
852
852
854
855
855
856
856
858
858
859
860
860
862
864
864
865
865
866
866
866
866
866
866
870
870
870
874
874
875
878
879
879
879
881
883
884
885
886
888
888
888
889
890
891
891
891
892
892
893
895
897
898
898
899
899
901
901
902
903
905
906
906
908
908
908
909
909
909
909
910
910
912
913
914
915
918
919
921
921
922
922
922
923
924
925
926
927
927
929
929
932
932
934
935
935
936
936
937
937
937
939
940
942
942
944
945
946
948
949
950
951
952
953
953
954
954
954
955
959
959
960
962
962
963
963
963
963
964
965
965
965
965
965
966
967
968
969
972
973
974
974
975
975
976
976
978
980
981
982
984
987
987
987
987
987
987
989
990
991
991
993
994
996
999
999
999
1001
1001
1001
1002
1003
1003
1003
1003
1004
1004
1005
1006
1006
1008
1008
1009
1009
1009
1011
1012
1012
1014
1016
1019
1019
1022
1023
1024
1024
1024
1024
1026
1027
1028
1028
1029
1029
1031
1031
1032
1033
1035
1035
1037
1040
1042
1042
1044
1045
1045
1045
1046
1048
1050
1050
1050
1053
1053
1055
1057
1058
1060
1061
1062
1063
1065
1065
1066
1068
1069
1070
1071
1071
1073
1073
1076
1076
1076
1080
1081
1082
1085
1086
1087
1088
1088
1089
1091
1091
1091
1092
1093
1093
1093
1096
1096
1100
1101
1102
1103
1103
1104
1104
1106
1107
1109
1110
1110
1112
1112
1114
1114
1115
1116
1117
1117
1117
1119
1120
1121
1121
1122
1123
1124
1125
1127
1128
1128
1129
1130
1132
1134
1136
1136
1137
1139
1140
1140
1141
1141
1141
1141
1142
1142
1142
1143
1144
1145
1145
1146
1146
1147
1147
1148
1148
1149
1152
1154
1155
1158
1158
1158
1160
1160
1161
1161
1162
1163
1166
1166
1167
1168
1169
1170
1170
1171
1172
1173
1174
1176
1176
1178
1179
1181
1181
1181
1181
1182
1183
1184
1184
1194
1194
1195
1196
1196
1197
1199
1205
1206
1206
1206
1207
1207
1209
1210
1210
1210
1211
1212
1212
1214
1215
1216
1217
1217
1217
1219
1219
1220
1220
1221
1223
1223
1224
1227
1227
1228
1229
1230
1231
1233
1234
1236
1236
1237
1238
1238
1239
1240
1242
1242
1245
1245
1246
1246
1246
1248
1250
1254
1255
1256
1258
1260
1260
1260
1261
1262
1262
1263
1268
1269
1270
1271
1271
1273
1274
1276
1277
1283
1284
1285
1285
1286
1288
1289
1289
1290
1292
1292
1293
1294
1294
1294
1296
1296
1301
1302
1305
1305
1306
1306
1308
1309
1310
1310
1312
1313
1313
1315
1316
1316
1317
1320
1322
1323
1323
1323
1324
1324
1328
1331
1332
1332
1333
1333
1335
1335
1339
1339
1341
1342
1343
1344
1346
1348
1350
1351
1351
1352
1353
1354
1356
1356
1359
1360
1360
1360
1360
1362
1362
1363
1367
1368
1368
1369
1369
1373
1374
1374
1375
1376
1376
1376
1380
1380
1381
1381
1382
1382
1383
1385
1386
1387
1387
1388
1389
1389
1389
1390
1392
1395
1397
1398
1399
1401
1401
1403
1404
1404
1406
1406
1406
1406
1407
1407
1408
1409
1410
1412
1413
1414
1414
1419
1419
1420
1422
1424
1424
1427
1427
1427
1427
1427
1427
1428
1429
1430
1431
1431
1431
1432
1433
1436
1439
1439
1439
1442
1442
1442
1443
1445
1446
1448
1449
1451
1451
1451
1453
1454
1455
1456
1456
1457
1457
1460
1460
1461
1462
1462
1464
1465
1465
1466
1467
1468
1470
1470
1471
1473
1473
1474
1474
1474
1475
1476
1478
1479
1481
1482
1483
1484
1485
1486
1487
1487
1488
1488
1489
1489
1490
1490
1490
1491
1491
1491
1494
1494
1494
1495
1495
1495
1496
1496
1498
1499
1499
1501
1501
1502
1502
1502
1503
1504
1504
1505
1506
1512
1512
1514
1516
1516
1516
1517
1517
1518
1518
1519
1519
1522
1523
1524
1524
1525
1526
1530
1531
1532
1533
1534
1536
1538
1538
1541
1542
1542
1542
1543
1543
1543
1546
1546
1548
1548
1551
1553
1553
1553
1555
1556
1557
1558
1561
1561
1562
1563
1563
1563
1569
1569
1569
1572
1572
1572
1573
1574
1575
1576
1576
1576
1580
1582
1583
1584
1585
1587
1588
1589
1592
1593
1593
1594
1594
1595
1598
1598
1599
1599
1601
1602
1602
1603
1604
1605
1606
1607
1608
1609
1609
1612
1613
1613
1613
1614
1615
1616
1616
1617
1617
1620
1620
1621
1622
1625
1626
1627
1628
1631
1631
1636
1637
1637
1637
1638
1639
1640
1640
1641
1643
1644
1644
1645
1645
1648
1648
1650
1650
1651
1652
1653
1654
1656
1657
1658
1658
1658
1659
1659
1660
1661
1662
1662
1663
1663
1663
1665
1665
1666
1667
1670
1672
1672
1673
1674
1675
1676
1676
1679
1681
1682
1682
1682
1683
1685
1686
1687
1687
1687
1693
1695
1695
1696
1697
1698
1699
1700
1700
1700
1701
1702
1705
1706
1709
1710
1711
1711
1711
1714
1715
1720
1721
1722
1723
1725
1725
1725
1725
1727
1727
1728
1729
1731
1731
1732
1734
1735
1736
1738
1739
1740
1742
1743
1744
1745
1747
1748
1749
1749
1750
1750
1751
1752
1752
1753
1757
1758
1759
1761
1761
1767
1769
1769
1772
1773
1773
1776
1776
1776
1778
1778
1779
1780
1780
1782
1783
1784
1784
1785
1786
1787
1787
1789
1791
1793
1793
1793
1795
1796
1796
1797
1797
1799
1800
1800
1806
1811
1811
1812
1812
1812
1813
1815
1815
1817
1817
1819
1819
1821
1821
1821
1822
1823
1823
1823
1824
1826
1826
1829
1834
1834
1836
1836
1836
1837
1839
1839
1840
1840
1841
1842
1842
1842
1843
1844
1844
1844
1847
1849
1851
1852
1857
1858
1859
1859
1861
1863
1864
1865
1865
1866
1866
1866
1867
1868
1868
1869
1869
1870
1870
1871
1871
1874
1874
1875
1877
1878
1878
1879
1880
1880
1880
1881
1883
1884
1884
1884
1884
1888
1888
1889
1889
1890
1891
1892
1893
1894
1894
1895
1895
1900
1900
1900
1902
1902
1904
1908
1908
1909
1914
1914
1915
1915
1915
1919
1919
1919
1921
1922
1923
1923
1923
1923
1924
1924
1927
1927
1928
1931
1931
1931
1932
1933
1935
1936
1937
1938
1939
1939
1939
1939
1941
1941
1941
1941
1941
1944
1947
1947
1948
1948
1950
1954
1954
1956
1956
1956
1957
1958
1958
1958
1959
1960
1961
1961
1963
1963
1964
1965
1965
1965
1966
1967
1968
1971
1972
1973
1976
1977
1978
1979
1980
1980
1984
1984
1985
1985
1986
1987
1988
1988
1989
1989
1990
1992
1992
1993
1995
1997
1999
2000
2001
2001
2001
2004
2006
2006
2007
2008
2009
2009
2009
2009
2012
2012
2012
2014
2015
2015
2016
2017
2017
2020
2020
2020
2022
2022
2022
2023
2023
2024
2025
2026
2030
2033
2034
2036
2039
2040
2043
2044
2045
2045
2047
2047
2049
2050
2051
2051
2054
2055
2056
2058
2058
2058
2059
2060
2060
2060
2061
2062
2062
2063
2063
2064
2065
2067
2068
2070
2070
2072
2072
2072
2072
2073
2073
2073
2074
2074
2075
2078
2078
2079
2080
2081
2083
2084
2084
2087
2087
2092
2092
2092
2096
2099
2101
2101
2103
2105
2107
2108
2109
2109
2110
2110
2111
2112
2114
2115
2116
2116
2118
2119
2120
2121
2121
2122
2123
2124
2124
2125
2127
2128
2128
2129
2129
2129
2129
2135
2135
2136
2137
2138
2139
2140
2140
2141
2141
2142
2142
2143
2143
2145
2148
2152
2152
2153
2153
2153
2155
2155
2155
2158
2158
2163
2165
2165
2167
2167
2167
2168
2168
2169
2169
2170
2173
2174
2175
2178
2178
2178
2179
2181
2183
2185
2187
2190
2190
2191
2191
2192
2193
2196
2197
2197
2198
2199
2199
2200
2203
2203
2203
2203
2204
2204
2205
2206
2213
2213
2214
2216
2217
2217
2221
2221
2224
2225
2226
2227
2227
2227
2228
2228
2231
2233
2236
2236
2237
2237
2237
2237
2237
2239
2240
2240
2241
2241
2243
2244
2244
2246
2248
2248
2248
2249
2250
2251
2252
2254
2254
2254
2256
2256
2259
2260
2262
2263
2263
2263
2265
2265
2266
2267
2267
2269
2270
2273
2274
2274
2274
2275
2277
2278
2280
2280
2283
2284
2285
2286
2286
2287
2288
2289
2290
2290
2290
2294
2295
2296
2297
2298
2298
2299
2300
2301
2301
2302
2303
2304
2304
2305
2306
2307
2308
2308
2308
2308
2309
2310
2312
2312
2313
2313
2314
2314
2318
2318
2319
2319
2321
2322
2322
2322
2322
2322
2325
2325
2325
2326
2329
2329
2329
2329
2329
2330
2330
2330
2332
2332
2332
2333
2335
2335
2336
2337
2338
2338
2339
2339
2341
2341
2341
2342
2344
2344
2346
2347
2348
2348
2348
2348
2349
2351
2352
2354
2356
2356
2357
2358
2358
2361
2363
2365
2366
2366
2367
2367
2369
2369
2370
2373
2375
2376
2377
2377
2377
2378
2382
2384
2384
2384
2385
2386
2387
2388
2389
2390
2390
2393
2393
2398
2399
2399
2399
2399
2400
2400
2401
2401
2402
2404
2404
2404
2408
2409
2410
2410
2410
2410
2411
2412
2412
2413
2413
2414
2414
2416
2417
2417
2418
2418
2419
2420
2420
2420
2422
2423
2424
2425
2428
2429
2430
2430
2431
2433
2433
2435
2436
2436
2436
2436
2437
2437
2438
2440
2445
2445
2446
2447
2447
2448
2448
2448
2448
2450
2450
2452
2454
2454
2454
2460
2461
2462
2463
2463
2468
2470
2470
2471
2471
2472
2472
2473
2473
2474
2474
2475
2476
2477
2477
2479
2480
2480
2481
2482
2482
2483
2483
2483
2487
2488
2491
2492
2492
2496
2497
2498
2499
2500
2501
2502
2503
2503
2504
2504
2504
2504
2506
2506
2508
2508
2508
2509
2509
2510
2510
2511
2511
2514
2515
2515
2515
2517
2519
2520
2521
2523
2524
2524
2526
2526
2527
2527
2527
2528
2528
2529
2529
2530
2531
2531
2533
2533
2534
2535
2537
2540
2543
2543
2543
2544
2544
2547
2550
2557
2557
2560
2562
2563
2563
2564
2564
2565
2565
2566
2567
2567
2568
2568
2570
2571
2571
2572
2572
2574
2574
2576
2576
2577
2578
2579
2579
2579
2581
2583
2584
2586
2586
2587
2588
2588
2590
2590
2590
2594
2595
2595
2595
2595
2598
2599
2600
2600
2601
2603
2603
2604
2604
2605
2606
2608
2609
2618
2618
2619
2620
2621
2622
2623
2625
2625
2625
2625
2626
2628
2628
2629
2631
2631
2631
2632
2632
2632
2632
2634
2635
2636
2638
2638
2643
2644
2646
2647
2647
2647
2650
2651
2651
2652
2652
2654
2655
2656
2657
2657
2658
2658
2659
2660
2661
2664
2664
2665
2665
2665
2666
2670
2670
2671
2672
2672
2673
2674
2675
2677
2677
2677
2680
2680
2682
2683
2683
2686
2688
2694
2696
2697
2698
2698
2699
2699
2699
2700
2701
2702
2702
2703
2704
2706
2709
2710
2712
2712
2713
2713
2716
2717
2719
2719
2719
2721
2721
2721
2722
2723
2723
2724
2725
2725
2726
2727
2728
2730
2731
2732
2733
2737
2740
2740
2741
2748
2748
2755
2755
2755
2756
2757
2760
2760
2761
2761
2763
2764
2765
2767
2767
2768
2772
2773
2773
2774
2775
2775
2778
2779
2781
2782
2783
2784
2785
2785
2785
2787
2787
2788
2788
2791
2792
2792
2794
2795
2795
2800
2800
2802
2803
2805
2807
2808
2809
2809
2809
2810
2810
2810
2811
2812
2812
2813
2816
2817
2819
2820
2821
2821
2823
2824
2824
2825
2825
2828
2828
2828
2829
2829
2830
2832
2832
2832
2832
2833
2836
2837
2837
2839
2840
2841
2841
2842
2843
2844
2845
2846
2846
2846
2846
2850
2851
2852
2853
2854
2855
2859
2859
2860
2861
2861
2861
2862
2865
2865
2865
2866
2867
2868
2869
2870
2871
2872
2874
2876
2877
2878
2878
2879
2879
2880
2882
2883
2885
2886
2889
2889
2891
2892
2892
2893
2893
2893
2893
2894
2895
2895
2896
2896
2897
2897
2897
2897
2898
2899
2899
2900
2902
2902
2903
2903
2904
2906
2906
2911
2913
2913
2914
2914
2916
2916
2916
2917
2919
2919
2921
2922
2923
2924
2924
2925
2926
2927
2928
2928
2930
2931
2932
2932
2934
2937
2938
2938
2938
2939
2940
2940
2941
2941
2941
2942
2942
2943
2943
2943
2944
2944
2944
2945
2945
2946
2948
2949
2950
2950
2952
2952
2956
2956
2957
2957
2958
2960
2960
2961
2963
2964
2965
2966
2967
2968
2968
2968
2971
2971
2972
2973
2975
2975
2975
2977
2979
2979
2979
2980
2980
2983
2984
2987
2988
2991
2991
2992
2992
2994
2997
2997
2998
2998
2999
3001
3002
3002
3003
3004
3007
3008
3012
3012
3013
3013
3014
3015
3015
3017
3018
3020
3021
3021
3023
3023
3023
3024
3026
3028
3029
3029
3031
3033
3035
3036
3036
3040
3040
3041
3043
3043
3044
3044
3045
3046
3047
3049
3051
3051
3052
3053
3053
3053
3056
3057
3057
3058
3059
3061
3062
3063
3064
3065
3066
3068
3070
3070
3071
3072
3072
3073
3073
3074
3074
3075
3075
3075
3076
3076
3078
3080
3080
3083
3084
3084
3091
3095
3096
3098
3098
3099
3099
3101
3102
3103
3104
3104
3106
3107
3107
3108
3109
3111
3111
3112
3113
3113
3114
3114
3115
3116
3117
3117
3119
3119
3120
3120
3123
3124
3124
3124
3125
3127
3128
3128
3129
3129
3131
3131
3131
3132
3135
3136
3136
3137
3138
3139
3141
3142
3145
3145
3145
3146
3147
3147
3151
3155
3155
3157
3157
3159
3159
3159
3159
3160
3160
3160
3160
3163
3163
3164
3165
3166
3166
3167
3167
3167
3168
3168
3170
3171
3173
3174
3174
3175
3176
3176
3177
3182
3185
3187
3187
3189
3191
3192
3192
3193
3195
3197
3197
3199
3199
3199
3200
3200
3203
3203
3203
3205
3205
3206
3206
3207
3208
3208
3209
3210
3211
3211
3211
3212
3213
3215
3217
3220
3221
3223
3223
3225
3225
3225
3226
3227
3228
3228
3228
3228
3228
3229
3231
3231
3232
3232
3233
3233
3233
3233
3234
3234
3235
3235
3235
3239
3239
3240
3240
3243
3245
3247
3248
3250
3251
3252
3252
3253
3256
3256
3256
3258
3258
3261
3261
3262
3265
3265
3266
3267
3267
3270
3273
3274
3274
3274
3275
3276
3276
3280
3280
3280
3280
3282
3282
3284
3287
3287
3288
3288
3288
3290
3290
3291
3291
3292
3294
3294
3295
3299
3299
3301
3302
3306
3306
3307
3307
3307
3308
3308
3308
3310
3311
3313
3315
3315
3321
3323
3323
3326
3326
3326
3329
3332
3333
3333
3334
3335
3335
3336
3336
3338
3338
3338
3338
3341
3341
3341
3342
3347
3348
3348
3348
3349
3349
3351
3352
3352
3353
3354
3356
3356
3357
3357
3361
3361
3361
3362
3367
3368
3368
3371
3372
3372
3372
3373
3373
3374
3374
3374
3374
3375
3376
3377
3378
3378
3379
3381
3381
3381
3382
3383
3383
3384
3385
3386
3389
3390
3392
3393
3393
3395
3395
3396
3397
3398
3398
3398
3398
3398
3398
3399
3400
3402
3404
3404
3405
3406
3409
3410
3411
3411
3412
3412
3412
3413
3415
3416
3417
3417
3419
3419
3420
3421
3421
3421
3422
3425
3427
3427
3427
3429
3429
3429
3430
3431
3433
3434
3435
3435
3438
3439
3439
3441
3444
3445
3445
3445
3446
3446
3447
3448
3448
3450
3452
3452
3455
3455
3457
3460
3461
3462
3462
3462
3464
3464
3466
3467
3467
3467
3468
3468
3469
3472
3473
3473
3473
3473
3473
3475
3475
3476
3479
3479
3480
3481
3484
3484
3484
3484
3485
3486
3487
3490
3490
3491
3492
3492
3492
3492
3493
3494
3494
3495
3496
3496
3496
3498
3498
3501
3501
3502
3502
3503
3503
3504
3506
3507
3507
3507
3507
3508
3508
3508
3509
3509
3511
3511
3511
3511
3512
3512
3513
3513
3514
3516
3518
3518
3521
3522
3522
3524
3524
3525
3526
3526
3526
3527
3527
3529
3531
3531
3533
3534
3534
3534
3535
3537
3537
3538
3539
3540
3542
3547
3547
3548
3548
3550
3551
3552
3553
3553
3553
3554
3554
3559
3559
3561
3562
3562
3567
3569
3571
3572
3573
3575
3576
3578
3578
3579
3582
3583
3583
3584
3585
3586
3586
3586
3588
3588
3596
3597
3598
3600
3601
3602
3603
3603
3604
3605
3605
3606
3606
3606
3606
3607
3607
3608
3608
3608
3609
3611
3613
3614
3615
3620
3621
3622
3623
3625
3627
3627
3627
3629
3630
3633
3633
3633
3634
3634
3636
3636
3636
3638
3638
3638
3639
3639
3639
3641
3641
3644
3645
3645
3646
3646
3646
3646
3647
3650
3652
3653
3655
3655
3657
3657
3659
3660
3664
3664
3664
3664
3667
3667
3668
3668
3668
3669
3670
3672
3672
3672
3673
3675
3675
3678
3679
3679
3682
3682
3683
3683
3684
3685
3685
3686
3687
3688
3688
3689
3689
3690
3690
3692
3692
3693
3693
3694
3695
3696
3696
3697
3697
3698
3698
3699
3700
3701
3701
3703
3705
3706
3711
3716
3720
3721
3721
3721
3722
3725
3725
3726
3729
3730
3731
3733
3735
3735
3736
3738
3741
3741
3741
3742
3742
3744
3745
3745
3746
3747
3748
3748
3750
3750
3752
3753
3754
3755
3755
3756
3757
3758
3758
3760
3761
3762
3763
3763
3764
3764
3764
3766
3767
3771
3771
3771
3771
3772
3772
3772
3772
3774
3775
3776
3778
3779
3780
3781
3781
3781
3782
3783
3784
3785
3786
3787
3787
3788
3788
3789
3794
3795
3796
3796
3796
3796
3797
3798
3798
3802
3802
3803
3804
3805
3808
3808
3808
3809
3810
3812
3814
3815
3815
3816
3819
3820
3821
3822
3822
3823
3824
3825
3826
3826
3827
3828
3830
3832
3832
3832
3834
3834
3835
3843
3843
3843
3843
3844
3845
3846
3847
3848
3849
3850
3851
3853
3854
3856
3859
3859
3860
3861
3862
3864
3865
3865
3866
3866
3866
3867
3868
3871
3871
3873
3874
3875
3875
3875
3876
3878
3879
3879
3880
3880
3881
3881
3881
3881
3882
3882
3883
3883
3885
3885
3887
3889
3890
3892
3892
3894
3896
3896
3898
3900
3901
3901
3904
3905
3906
3907
3907
3908
3910
3910
3910
3911
3912
3914
3914
3915
3915
3916
3916
3917
3917
3919
3919
3920
3922
3923
3924
3924
3926
3926
3927
3928
3928
3928
3930
3933
3934
3935
3936
3938
3938
3939
3940
3941
3941
3942
3942
3945
3946
3947
3951
3951
3951
3951
3952
3953
3955
3956
3956
3961
3963
3964
3964
3964
3965
3965
3965
3966
3966
3966
3967
3967
3967
3967
3970
3973
3974
3974
3975
3975
3976
3976
3977
3977
3978
3980
3981
3981
3981
3982
3982
3983
3984
3985
3985
3987
3987
3987
3988
3988
3988
3989
3991
3991
3992
3992
3993
3993
3995
3996
3999
3999
4000
4001
4002
4004
4004
4004
4006
4009
4010
4011
4012
4012
4013
4013
4014
4017
4018
4020
4021
4021
4022
4024
4026
4032
4032
4033
4034
4035
4035
4036
4038
4039
4039
4040
4040
4040
4040
4041
4042
4044
4045
4046
4047
4051
4051
4052
4053
4053
4054
4055
4058
4062
4062
4066
4066
4068
4069
4070
4070
4071
4072
4072
4074
4076
4078
4078
4079
4081
4081
4083
4084
4085
4086
4087
4088
4089
4090
4093
4094
4095
4096
4097
4097
4099
4102
4102
4103
4103
4103
4103
4104
4105
4106
4107
4107
4108
4110
4111
4113
4113
4113
4114
4115
4116
4116
4116
4117
4117
4121
4124
4126
4128
4128
4131
4132
4133
4133
4134
4134
4136
4137
4138
4140
4140
4142
4143
4145
4147
4148
4150
4150
4151
4152
4152
4152
4152
4153
4153
4154
4154
4156
4156
4157
4158
4158
4159
4162
4162
4163
4164
4165
4165
4168
4168
4169
4169
4169
4169
4170
4171
4172
4172
4176
4178
4180
4180
4180
4184
4184
4185
4186
4186
4189
4192
4193
4193
4194
4195
4196
4196
4200
4201
4202
4202
4203
4203
4204
4204
4205
4206
4210
4212
4212
4213
4216
4218
4219
4219
4219
4220
4221
4222
4223
4223
4225
4226
4226
4226
4227
4227
4228
4230
4232
4232
4233
4235
4235
4237
4238
4238
4239
4239
4240
4241
4241
4241
4242
4243
4244
4244
4244
4246
4247
4248
4249
4249
4250
4251
4252
4253
4253
4254
4255
4256
4259
4259
4260
4260
4263
4265
4265
4271
4272
4272
4274
4274
4274
4275
4278
4279
4280
4280
4281
4283
4283
4285
4287
4287
4288
4288
4289
4298
4298
4298
4298
4299
4299
4300
4301
4301
4302
4303
4303
4306
4306
4306
4309
4310
4311
4312
4312
4314
4314
4314
4314
4316
4318
4319
4319
4320
4322
4322
4323
4325
4325
4325
4326
4326
4327
4329
4330
4330
4330
4331
4335
4336
4338
4338
4339
4339
4339
4341
4343
4343
4344
4345
4345
4347
4347
4348
4348
4350
4351
4351
4351
4351
4355
4355
4355
4358
4360
4360
4361
4362
4364
4366
4366
4367
4369
4370
4371
4371
4371
4372
4372
4372
4374
4377
4378
4379
4379
4380
4381
4382
4383
4383
4384
4384
4384
4386
4387
4388
4390
4392
4393
4395
4396
4397
4397
4398
4398
4399
4399
4400
4400
4403
4406
4406
4406
4406
4406
4407
4408
4408
4408
4409
4410
4411
4412
4412
4412
4413
4413
4413
4414
4416
4416
4416
4416
4417
4419
4420
4420
4421
4422
4423
4424
4424
4425
4426
4429
4430
4430
4432
4433
4434
4435
4436
4436
4437
4438
4438
4439
4439
4440
4442
4442
4444
4444
4444
4445
4446
4447
4449
4451
4451
4452
4453
4454
4454
4455
4462
4462
4463
4463
4464
4465
4468
4469
4470
4471
4472
4474
4475
4475
4477
4477
4477
4478
4478
4480
4481
4481
4482
4482
4483
4483
4483
4485
4485
4485
4486
4486
4486
4490
4491
4492
4492
4492
4494
4498
4498
4500
4501
4502
4502
4503
4504
4505
4507
4507
4507
4509
4509
4511
4512
4512
4512
4513
4514
4514
4515
4516
4516
4516
4518
4518
4518
4518
4518
4520
4520
4521
4522
4523
4523
4524
4528
4528
4529
4530
4530
4531
4532
4532
4534
4535
4535
4538
4538
4540
4541
4542
4543
4544
4544
4545
4546
4547
4547
4549
4549
4550
4550
4551
4551
4552
4553
4554
4556
4557
4558
4558
4559
4559
4559
4561
4562
4562
4565
4566
4568
4572
4574
4575
4579
4579
4581
4581
4583
4583
4584
4586
4586
4587
4587
4588
4588
4589
4590
4592
4592
4593
4593
4594
4595
4597
4604
4605
4608
4609
4609
4611
4611
4611
4612
4613
4614
4616
4617
4620
4620
4621
4622
4625
4626
4626
4627
4630
4630
4632
4632
4632
4632
4632
4633
4634
4635
4635
4636
4636
4637
4638
4638
4643
4644
4644
4645
4647
4647
4648
4648
4648
4649
4649
4649
4651
4652
4652
4653
4653
4654
4654
4654
4654
4655
4655
4657
4658
4658
4659
4659
4659
4660
4660
4662
4664
4664
4664
4664
4666
4666
4666
4667
4668
4668
4669
4670
4670
4671
4672
4672
4673
4675
4676
4680
4680
4680
4685
4686
4687
4688
4689
4689
4690
4692
4694
4698
4699
4700
4701
4701
4703
4703
4705
4706
4706
4707
4710
4711
4712
4712
4713
4714
4716
4718
4720
4720
4721
4721
4722
4722
4723
4723
4724
4724
4724
4725
4725
4725
4726
4726
4727
4729
4729
4729
4730
4733
4734
4735
4735
4736
4737
4738
4738
4740
4743
4744
4745
4745
4747
4747
4752
4752
4752
4754
4755
4756
4756
4758
4758
4763
4764
4764
4764
4765
4767
4768
4771
4772
4773
4773
4774
4775
4775
4776
4777
4777
4777
4778
4780
4780
4782
4783
4786
4786
4788
4788
4790
4792
4794
4795
4795
4798
4798
4798
4798
4800
4801
4801
4803
4803
4804
4804
4804
4804
4805
4805
4805
4805
4806
4808
4812
4815
4818
4818
4819
4819
4820
4823
4824
4825
4826
4826
4827
4830
4831
4833
4833
4835
4836
4838
4838
4838
4842
4844
4845
4846
4846
4847
4847
4847
4848
4849
4850
4852
4857
4857
4858
4858
4859
4860
4862
4863
4863
4865
4866
4870
4870
4870
4871
4873
4875
4877
4879
4880
4882
4882
4882
4883
4884
4887
4887
4889
4890
4890
4891
4892
4892
4892
4898
4902
4903
4905
4905
4905
4906
4906
4906
4906
4906
4908
4908
4908
4911
4914
4915
4916
4916
4919
4920
4921
4921
4923
4923
4924
4924
4925
4926
4927
4930
4933
4934
4934
4936
4936
4936
4938
4939
4941
4942
4942
4942
4943
4945
4947
4948
4948
4952
4954
4956
4957
4958
4958
4958
4959
4959
4961
4961
4961
4962
4963
4966
4967
4967
4968
4968
4969
4969
4969
4970
4971
4973
4973
4976
4976
4976
4977
4977
4980
4981
4981
4981
4982
4983
4983
4983
4985
4987
4990
4990
4990
4991
4992
4993
4994
4995
4997
4998
4998
4999
4999
5000
5000
