499
496
496
496
493
492
492
489
489
484
483
483
480
480
478
478
476
475
475
474
471
467
465
464
463
463
463
462
461
461
461
460
459
458
458
457
454
452
452
451
450
450
447
446
445
445
444
443
443
442
442
441
440
440
440
439
438
437
436
435
435
434
434
432
431
430
430
430
427
426
424
424
420
420
419
419
417
417
417
414
414
413
413
413
412
410
409
408
405
405
403
402
401
401
400
398
397
397
394
394
393
393
393
392
392
392
392
392
390
390
390
388
387
386
385
384
381
381
376
376
376
375
375
374
374
374
372
372
370
370
370
367
367
367
366
366
365
364
362
362
361
361
360
358
357
355
353
353
352
351
351
350
350
349
347
347
346
345
343
341
341
341
340
338
338
338
336
336
335
335
333
332
329
327
326
325
323
322
321
321
320
320
319
319
315
314
314
313
313
312
312
309
307
307
306
306
305
304
304
304
304
303
301
301
301
301
298
297
297
297
293
292
291
288
288
286
286
285
285
282
281
281
280
277
275
275
273
273
273
272
272
271
271
268
267
267
266
265
264
263
263
263
262
261
258
257
256
255
252
252
250
248
247
246
246
246
245
245
245
241
237
237
236
231
231
231
228
228
227
227
226
225
223
223
221
220
219
217
216
214
214
214
213
212
212
212
212
211
211
211
210
210
209
206
206
204
203
202
201
201
199
197
197
197
196
195
192
190
189
189
187
187
184
184
183
181
180
177
175
174
173
172
170
170
169
167
166
166
165
165
163
162
162
161
160
159
159
158
157
156
156
155
154
151
148
147
143
142
142
140
139
137
135
133
133
133
132
132
131
131
131
130
128
126
126
126
125
121
120
120
118
118
116
116
115
114
114
114
111
110
110
108
108
105
104
104
104
102
101
101
97
97
95
94
94
94
93
90
88
88
87
79
78
78
77
76
75
75
75
74
74
73
72
71
71
70
70
69
66
66
65
64
63
62
62
62
60
59
57
57
57
57
57
55
53
52
51
50
50
50
48
48
47
46
46
46
45
44
44
43
43
41
41
39
38
37
36
33
31
30
28
28
27
25
23
23
22
21
20
19
19
18
18
18
17
16
13
13
12
12
12
11
11
10
10
10
9
9
8
7
7
6
6
4
4
3
3
2
1
1
