1
1
2
3
3
4
4
6
6
7
7
8
9
9
10
10
10
11
11
12
12
12
13
13
16
17
18
18
18
19
19
20
21
22
23
23
25
27
28
28
30
31
33
36
37
38
39
41
41
43
43
44
44
45
46
46
46
47
48
48
50
50
50
51
52
53
55
57
57
57
57
57
59
60
62
62
62
63
64
65
66
66
69
70
70
71
71
72
73
74
74
75
75
75
76
77
78
78
79
87
88
88
90
93
94
94
94
95
97
97
101
101
102
104
104
104
105
108
108
110
110
111
114
114
114
115
116
116
118
118
120
120
121
125
126
126
126
128
130
131
131
131
132
132
133
133
133
135
137
139
140
142
142
143
147
148
151
154
155
156
156
157
158
159
159
160
161
162
162
163
165
165
166
166
167
169
170
170
172
173
174
175
177
180
181
183
184
184
187
187
189
189
190
192
195
196
197
197
197
199
201
201
202
203
204
206
206
209
210
210
211
211
211
212
212
212
212
213
214
214
214
216
217
219
220
221
223
223
225
226
227
227
228
228
231
231
231
236
237
237
241
245
245
245
246
246
246
247
248
250
252
252
255
256
257
258
261
262
263
263
263
264
265
266
267
267
268
271
271
272
272
273
273
273
275
275
277
280
281
281
282
285
285
286
286
288
288
291
292
293
297
297
297
298
301
301
301
301
303
304
304
304
304
305
306
306
307
307
309
312
312
313
313
314
314
315
319
319
320
320
321
321
322
323
325
326
327
329
332
333
335
335
336
336
338
338
338
340
341
341
341
343
345
346
347
347
349
350
350
351
351
352
353
353
355
357
358
360
361
361
362
362
364
365
366
366
367
367
367
370
370
370
372
372
374
374
374
375
375
376
376
376
381
381
384
385
386
387
388
390
390
390
392
392
392
392
392
393
393
393
394
394
397
397
398
400
401
401
402
403
405
405
408
409
410
412
413
413
413
414
414
417
417
417
419
419
420
420
424
424
426
427
430
430
430
431
432
434
434
435
435
436
437
438
439
440
440
440
441
442
442
443
443
444
445
445
446
447
450
450
451
452
452
454
457
458
458
459
460
461
461
461
462
463
463
463
464
465
467
471
474
475
475
476
478
478
480
480
483
483
484
489
489
492
492
493
496
496
496
499
