347
22
13
74
104
464
323
496
75
211
298
55
336
452
275
458
426
413
33
8
446
372
461
170
36
313
394
88
50
381
461
213
430
212
365
216
159
137
19
125
478
390
408
367
461
374
196
236
394
223
46
463
424
353
480
285
307
133
304
28
272
157
165
292
245
78
250
364
319
30
118
462
121
139
9
204
440
206
165
78
131
57
459
252
375
401
374
496
97
126
303
18
90
431
102
301
197
424
376
10
212
301
88
430
131
352
50
66
306
341
1
267
445
451
197
401
114
166
126
392
439
341
189
101
190
162
110
434
63
174
48
135
177
321
209
51
20
370
322
304
133
414
132
338
46
345
104
25
445
454
70
414
341
327
475
402
489
75
366
212
66
76
335
183
105
336
480
496
489
312
430
223
203
17
417
307
340
201
7
350
263
57
297
483
41
255
140
273
301
397
62
118
57
19
245
108
220
237
231
57
286
247
214
53
305
64
126
189
442
301
169
320
201
281
132
381
384
493
110
116
435
114
52
268
492
338
312
156
4
361
95
252
11
202
450
155
275
440
151
142
248
79
417
43
458
12
285
343
440
9
370
271
346
313
71
297
297
211
460
434
41
390
478
148
450
10
281
357
192
293
376
111
1
392
386
350
108
499
272
405
217
231
69
75
257
228
142
315
256
325
18
262
6
13
120
38
97
438
420
27
314
398
304
366
163
74
484
131
387
181
21
441
405
476
258
471
329
392
332
44
291
367
28
288
362
225
130
101
475
214
48
264
143
375
72
46
7
432
166
335
214
211
267
212
184
347
358
319
271
3
187
50
3
273
419
385
393
94
409
400
390
321
31
87
246
483
219
94
286
263
457
226
154
43
367
360
309
452
265
241
280
160
246
158
397
333
11
320
474
443
263
128
467
170
60
227
210
44
362
175
355
314
47
62
156
206
167
427
37
70
195
161
417
12
16
180
65
23
133
436
197
10
413
435
392
59
104
442
338
419
116
261
403
45
370
18
444
393
273
282
57
172
147
388
306
71
266
361
326
463
23
392
199
492
447
245
443
246
304
413
12
114
420
210
351
288
237
39
463
228
115
353
277
351
376
393
2
437
4
120
94
77
159
374
349
73
412
187
173
62
162
410
6
465
93
221
372
227
231
184
