5000
5000
4999
4999
4998
4998
4997
4995
4994
4993
4992
4991
4990
4990
4990
4987
4985
4983
4983
4983
4982
4981
4981
4981
4980
4977
4977
4976
4976
4976
4973
4973
4971
4970
4969
4969
4969
4968
4968
4967
4967
4966
4963
4962
4961
4961
4961
4959
4959
4958
4958
4958
4957
4956
4954
4952
4948
4948
4947
4945
4943
4942
4942
4942
4941
4939
4938
4936
4936
4936
4934
4934
4933
4930
4927
4926
4925
4924
4924
4923
4923
4921
4921
4920
4919
4916
4916
4915
4914
4911
4908
4908
4908
4906
4906
4906
4906
4906
4905
4905
4905
4903
4902
4898
4892
4892
4892
4891
4890
4890
4889
4887
4887
4884
4883
4882
4882
4882
4880
4879
4877
4875
4873
4871
4870
4870
4870
4866
4865
4863
4863
4862
4860
4859
4858
4858
4857
4857
4852
4850
4849
4848
4847
4847
4847
4846
4846
4845
4844
4842
4838
4838
4838
4836
4835
4833
4833
4831
4830
4827
4826
4826
4825
4824
4823
4820
4819
4819
4818
4818
4815
4812
4808
4806
4805
4805
4805
4805
4804
4804
4804
4804
4803
4803
4801
4801
4800
4798
4798
4798
4798
4795
4795
4794
4792
4790
4788
4788
4786
4786
4783
4782
4780
4780
4778
4777
4777
4777
4776
4775
4775
4774
4773
4773
4772
4771
4768
4767
4765
4764
4764
4764
4763
4758
4758
4756
4756
4755
4754
4752
4752
4752
4747
4747
4745
4745
4744
4743
4740
4738
4738
4737
4736
4735
4735
4734
4733
4730
4729
4729
4729
4727
4726
4726
4725
4725
4725
4724
4724
4724
4723
4723
4722
4722
4721
4721
4720
4720
4718
4716
4714
4713
4712
4712
4711
4710
4707
4706
4706
4705
4703
4703
4701
4701
4700
4699
4698
4694
4692
4690
4689
4689
4688
4687
4686
4685
4680
4680
4680
4676
4675
4673
4672
4672
4671
4670
4670
4669
4668
4668
4667
4666
4666
4666
4664
4664
4664
4664
4662
4660
4660
4659
4659
4659
4658
4658
4657
4655
4655
4654
4654
4654
4654
4653
4653
4652
4652
4651
4649
4649
4649
4648
4648
4648
4647
4647
4645
4644
4644
4643
4638
4638
4637
4636
4636
4635
4635
4634
4633
4632
4632
4632
4632
4632
4630
4630
4627
4626
4626
4625
4622
4621
4620
4620
4617
4616
4614
4613
4612
4611
4611
4611
4609
4609
4608
4605
4604
4597
4595
4594
4593
4593
4592
4592
4590
4589
4588
4588
4587
4587
4586
4586
4584
4583
4583
4581
4581
4579
4579
4575
4574
4572
4568
4566
4565
4562
4562
4561
4559
4559
4559
4558
4558
4557
4556
4554
4553
4552
4551
4551
4550
4550
4549
4549
4547
4547
4546
4545
4544
4544
4543
4542
4541
4540
4538
4538
4535
4535
4534
4532
4532
4531
4530
4530
4529
4528
4528
4524
4523
4523
4522
4521
4520
4520
4518
4518
4518
4518
4518
4516
4516
4516
4515
4514
4514
4513
4512
4512
4512
4511
4509
4509
4507
4507
4507
4505
4504
4503
4502
4502
4501
4500
4498
4498
4494
4492
4492
4492
4491
4490
4486
4486
4486
4485
4485
4485
4483
4483
4483
4482
4482
4481
4481
4480
4478
4478
4477
4477
4477
4475
4475
4474
4472
4471
4470
4469
4468
4465
4464
4463
4463
4462
4462
4455
4454
4454
4453
4452
4451
4451
4449
4447
4446
4445
4444
4444
4444
4442
4442
4440
4439
4439
4438
4438
4437
4436
4436
4435
4434
4433
4432
4430
4430
4429
4426
4425
4424
4424
4423
4422
4421
4420
4420
4419
4417
4416
4416
4416
4416
4414
4413
4413
4413
4412
4412
4412
4411
4410
4409
4408
4408
4408
4407
4406
4406
4406
4406
4406
4403
4400
4400
4399
4399
4398
4398
4397
4397
4396
4395
4393
4392
4390
4388
4387
4386
4384
4384
4384
4383
4383
4382
4381
4380
4379
4379
4378
4377
4374
4372
4372
4372
4371
4371
4371
4370
4369
4367
4366
4366
4364
4362
4361
4360
4360
4358
4355
4355
4355
4351
4351
4351
4351
4350
4348
4348
4347
4347
4345
4345
4344
4343
4343
4341
4339
4339
4339
4338
4338
4336
4335
4331
4330
4330
4330
4329
4327
4326
4326
4325
4325
4325
4323
4322
4322
4320
4319
4319
4318
4316
4314
4314
4314
4314
4312
4312
4311
4310
4309
4306
4306
4306
4303
4303
4302
4301
4301
4300
4299
4299
4298
4298
4298
4298
4289
4288
4288
4287
4287
4285
4283
4283
4281
4280
4280
4279
4278
4275
4274
4274
4274
4272
4272
4271
4265
4265
4263
4260
4260
4259
4259
4256
4255
4254
4253
4253
4252
4251
4250
4249
4249
4248
4247
4246
4244
4244
4244
4243
4242
4241
4241
4241
4240
4239
4239
4238
4238
4237
4235
4235
4233
4232
4232
4230
4228
4227
4227
4226
4226
4226
4225
4223
4223
4222
4221
4220
4219
4219
4219
4218
4216
4213
4212
4212
4210
4206
4205
4204
4204
4203
4203
4202
4202
4201
4200
4196
4196
4195
4194
4193
4193
4192
4189
4186
4186
4185
4184
4184
4180
4180
4180
4178
4176
4172
4172
4171
4170
4169
4169
4169
4169
4168
4168
4165
4165
4164
4163
4162
4162
4159
4158
4158
4157
4156
4156
4154
4154
4153
4153
4152
4152
4152
4152
4151
4150
4150
4148
4147
4145
4143
4142
4140
4140
4138
4137
4136
4134
4134
4133
4133
4132
4131
4128
4128
4126
4124
4121
4117
4117
4116
4116
4116
4115
4114
4113
4113
4113
4111
4110
4108
4107
4107
4106
4105
4104
4103
4103
4103
4103
4102
4102
4099
4097
4097
4096
4095
4094
4093
4090
4089
4088
4087
4086
4085
4084
4083
4081
4081
4079
4078
4078
4076
4074
4072
4072
4071
4070
4070
4069
4068
4066
4066
4062
4062
4058
4055
4054
4053
4053
4052
4051
4051
4047
4046
4045
4044
4042
4041
4040
4040
4040
4040
4039
4039
4038
4036
4035
4035
4034
4033
4032
4032
4026
4024
4022
4021
4021
4020
4018
4017
4014
4013
4013
4012
4012
4011
4010
4009
4006
4004
4004
4004
4002
4001
4000
3999
3999
3996
3995
3993
3993
3992
3992
3991
3991
3989
3988
3988
3988
3987
3987
3987
3985
3985
3984
3983
3982
3982
3981
3981
3981
3980
3978
3977
3977
3976
3976
3975
3975
3974
3974
3973
3970
3967
3967
3967
3967
3966
3966
3966
3965
3965
3965
3964
3964
3964
3963
3961
3956
3956
3955
3953
3952
3951
3951
3951
3951
3947
3946
3945
3942
3942
3941
3941
3940
3939
3938
3938
3936
3935
3934
3933
3930
3928
3928
3928
3927
3926
3926
3924
3924
3923
3922
3920
3919
3919
3917
3917
3916
3916
3915
3915
3914
3914
3912
3911
3910
3910
3910
3908
3907
3907
3906
3905
3904
3901
3901
3900
3898
3896
3896
3894
3892
3892
3890
3889
3887
3885
3885
3883
3883
3882
3882
3881
3881
3881
3881
3880
3880
3879
3879
3878
3876
3875
3875
3875
3874
3873
3871
3871
3868
3867
3866
3866
3866
3865
3865
3864
3862
3861
3860
3859
3859
3856
3854
3853
3851
3850
3849
3848
3847
3846
3845
3844
3843
3843
3843
3843
3835
3834
3834
3832
3832
3832
3830
3828
3827
3826
3826
3825
3824
3823
3822
3822
3821
3820
3819
3816
3815
3815
3814
3812
3810
3809
3808
3808
3808
3805
3804
3803
3802
3802
3798
3798
3797
3796
3796
3796
3796
3795
3794
3789
3788
3788
3787
3787
3786
3785
3784
3783
3782
3781
3781
3781
3780
3779
3778
3776
3775
3774
3772
3772
3772
3772
3771
3771
3771
3771
3767
3766
3764
3764
3764
3763
3763
3762
3761
3760
3758
3758
3757
3756
3755
3755
3754
3753
3752
3750
3750
3748
3748
3747
3746
3745
3745
3744
3742
3742
3741
3741
3741
3738
3736
3735
3735
3733
3731
3730
3729
3726
3725
3725
3722
3721
3721
3721
3720
3716
3711
3706
3705
3703
3701
3701
3700
3699
3698
3698
3697
3697
3696
3696
3695
3694
3693
3693
3692
3692
3690
3690
3689
3689
3688
3688
3687
3686
3685
3685
3684
3683
3683
3682
3682
3679
3679
3678
3675
3675
3673
3672
3672
3672
3670
3669
3668
3668
3668
3667
3667
3664
3664
3664
3664
3660
3659
3657
3657
3655
3655
3653
3652
3650
3647
3646
3646
3646
3646
3645
3645
3644
3641
3641
3639
3639
3639
3638
3638
3638
3636
3636
3636
3634
3634
3633
3633
3633
3630
3629
3627
3627
3627
3625
3623
3622
3621
3620
3615
3614
3613
3611
3609
3608
3608
3608
3607
3607
3606
3606
3606
3606
3605
3605
3604
3603
3603
3602
3601
3600
3598
3597
3596
3588
3588
3586
3586
3586
3585
3584
3583
3583
3582
3579
3578
3578
3576
3575
3573
3572
3571
3569
3567
3562
3562
3561
3559
3559
3554
3554
3553
3553
3553
3552
3551
3550
3548
3548
3547
3547
3542
3540
3539
3538
3537
3537
3535
3534
3534
3534
3533
3531
3531
3529
3527
3527
3526
3526
3526
3525
3524
3524
3522
3522
3521
3518
3518
3516
3514
3513
3513
3512
3512
3511
3511
3511
3511
3509
3509
3508
3508
3508
3507
3507
3507
3507
3506
3504
3503
3503
3502
3502
3501
3501
3498
3498
3496
3496
3496
3495
3494
3494
3493
3492
3492
3492
3492
3491
3490
3490
3487
3486
3485
3484
3484
3484
3484
3481
3480
3479
3479
3476
3475
3475
3473
3473
3473
3473
3473
3472
3469
3468
3468
3467
3467
3467
3466
3464
3464
3462
3462
3462
3461
3460
3457
3455
3455
3452
3452
3450
3448
3448
3447
3446
3446
3445
3445
3445
3444
3441
3439
3439
3438
3435
3435
3434
3433
3431
3430
3429
3429
3429
3427
3427
3427
3425
3422
3421
3421
3421
3420
3419
3419
3417
3417
3416
3415
3413
3412
3412
3412
3411
3411
3410
3409
3406
3405
3404
3404
3402
3400
3399
3398
3398
3398
3398
3398
3398
3397
3396
3395
3395
3393
3393
3392
3390
3389
3386
3385
3384
3383
3383
3382
3381
3381
3381
3379
3378
3378
3377
3376
3375
3374
3374
3374
3374
3373
3373
3372
3372
3372
3371
3368
3368
3367
3362
3361
3361
3361
3357
3357
3356
3356
3354
3353
3352
3352
3351
3349
3349
3348
3348
3348
3347
3342
3341
3341
3341
3338
3338
3338
3338
3336
3336
3335
3335
3334
3333
3333
3332
3329
3326
3326
3326
3323
3323
3321
3315
3315
3313
3311
3310
3308
3308
3308
3307
3307
3307
3306
3306
3302
3301
3299
3299
3295
3294
3294
3292
3291
3291
3290
3290
3288
3288
3288
3287
3287
3284
3282
3282
3280
3280
3280
3280
3276
3276
3275
3274
3274
3274
3273
3270
3267
3267
3266
3265
3265
3262
3261
3261
3258
3258
3256
3256
3256
3253
3252
3252
3251
3250
3248
3247
3245
3243
3240
3240
3239
3239
3235
3235
3235
3234
3234
3233
3233
3233
3233
3232
3232
3231
3231
3229
3228
3228
3228
3228
3228
3227
3226
3225
3225
3225
3223
3223
3221
3220
3217
3215
3213
3212
3211
3211
3211
3210
3209
3208
3208
3207
3206
3206
3205
3205
3203
3203
3203
3200
3200
3199
3199
3199
3197
3197
3195
3193
3192
3192
3191
3189
3187
3187
3185
3182
3177
3176
3176
3175
3174
3174
3173
3171
3170
3168
3168
3167
3167
3167
3166
3166
3165
3164
3163
3163
3160
3160
3160
3160
3159
3159
3159
3159
3157
3157
3155
3155
3151
3147
3147
3146
3145
3145
3145
3142
3141
3139
3138
3137
3136
3136
3135
3132
3131
3131
3131
3129
3129
3128
3128
3127
3125
3124
3124
3124
3123
3120
3120
3119
3119
3117
3117
3116
3115
3114
3114
3113
3113
3112
3111
3111
3109
3108
3107
3107
3106
3104
3104
3103
3102
3101
3099
3099
3098
3098
3096
3095
3091
3084
3084
3083
3080
3080
3078
3076
3076
3075
3075
3075
3074
3074
3073
3073
3072
3072
3071
3070
3070
3068
3066
3065
3064
3063
3062
3061
3059
3058
3057
3057
3056
3053
3053
3053
3052
3051
3051
3049
3047
3046
3045
3044
3044
3043
3043
3041
3040
3040
3036
3036
3035
3033
3031
3029
3029
3028
3026
3024
3023
3023
3023
3021
3021
3020
3018
3017
3015
3015
3014
3013
3013
3012
3012
3008
3007
3004
3003
3002
3002
3001
2999
2998
2998
2997
2997
2994
2992
2992
2991
2991
2988
2987
2984
2983
2980
2980
2979
2979
2979
2977
2975
2975
2975
2973
2972
2971
2971
2968
2968
2968
2967
2966
2965
2964
2963
2961
2960
2960
2958
2957
2957
2956
2956
2952
2952
2950
2950
2949
2948
2946
2945
2945
2944
2944
2944
2943
2943
2943
2942
2942
2941
2941
2941
2940
2940
2939
2938
2938
2938
2937
2934
2932
2932
2931
2930
2928
2928
2927
2926
2925
2924
2924
2923
2922
2921
2919
2919
2917
2916
2916
2916
2914
2914
2913
2913
2911
2906
2906
2904
2903
2903
2902
2902
2900
2899
2899
2898
2897
2897
2897
2897
2896
2896
2895
2895
2894
2893
2893
2893
2893
2892
2892
2891
2889
2889
2886
2885
2883
2882
2880
2879
2879
2878
2878
2877
2876
2874
2872
2871
2870
2869
2868
2867
2866
2865
2865
2865
2862
2861
2861
2861
2860
2859
2859
2855
2854
2853
2852
2851
2850
2846
2846
2846
2846
2845
2844
2843
2842
2841
2841
2840
2839
2837
2837
2836
2833
2832
2832
2832
2832
2830
2829
2829
2828
2828
2828
2825
2825
2824
2824
2823
2821
2821
2820
2819
2817
2816
2813
2812
2812
2811
2810
2810
2810
2809
2809
2809
2808
2807
2805
2803
2802
2800
2800
2795
2795
2794
2792
2792
2791
2788
2788
2787
2787
2785
2785
2785
2784
2783
2782
2781
2779
2778
2775
2775
2774
2773
2773
2772
2768
2767
2767
2765
2764
2763
2761
2761
2760
2760
2757
2756
2755
2755
2755
2748
2748
2741
2740
2740
2737
2733
2732
2731
2730
2728
2727
2726
2725
2725
2724
2723
2723
2722
2721
2721
2721
2719
2719
2719
2717
2716
2713
2713
2712
2712
2710
2709
2706
2704
2703
2702
2702
2701
2700
2699
2699
2699
2698
2698
2697
2696
2694
2688
2686
2683
2683
2682
2680
2680
2677
2677
2677
2675
2674
2673
2672
2672
2671
2670
2670
2666
2665
2665
2665
2664
2664
2661
2660
2659
2658
2658
2657
2657
2656
2655
2654
2652
2652
2651
2651
2650
2647
2647
2647
2646
2644
2643
2638
2638
2636
2635
2634
2632
2632
2632
2632
2631
2631
2631
2629
2628
2628
2626
2625
2625
2625
2625
2623
2622
2621
2620
2619
2618
2618
2609
2608
2606
2605
2604
2604
2603
2603
2601
2600
2600
2599
2598
2595
2595
2595
2595
2594
2590
2590
2590
2588
2588
2587
2586
2586
2584
2583
2581
2579
2579
2579
2578
2577
2576
2576
2574
2574
2572
2572
2571
2571
2570
2568
2568
2567
2567
2566
2565
2565
2564
2564
2563
2563
2562
2560
2557
2557
2550
2547
2544
2544
2543
2543
2543
2540
2537
2535
2534
2533
2533
2531
2531
2530
2529
2529
2528
2528
2527
2527
2527
2526
2526
2524
2524
2523
2521
2520
2519
2517
2515
2515
2515
2514
2511
2511
2510
2510
2509
2509
2508
2508
2508
2506
2506
2504
2504
2504
2504
2503
2503
2502
2501
2500
2499
2498
2497
2496
2492
2492
2491
2488
2487
2483
2483
2483
2482
2482
2481
2480
2480
2479
2477
2477
2476
2475
2474
2474
2473
2473
2472
2472
2471
2471
2470
2470
2468
2463
2463
2462
2461
2460
2454
2454
2454
2452
2450
2450
2448
2448
2448
2448
2447
2447
2446
2445
2445
2440
2438
2437
2437
2436
2436
2436
2436
2435
2433
2433
2431
2430
2430
2429
2428
2425
2424
2423
2422
2420
2420
2420
2419
2418
2418
2417
2417
2416
2414
2414
2413
2413
2412
2412
2411
2410
2410
2410
2410
2409
2408
2404
2404
2404
2402
2401
2401
2400
2400
2399
2399
2399
2399
2398
2393
2393
2390
2390
2389
2388
2387
2386
2385
2384
2384
2384
2382
2378
2377
2377
2377
2376
2375
2373
2370
2369
2369
2367
2367
2366
2366
2365
2363
2361
2358
2358
2357
2356
2356
2354
2352
2351
2349
2348
2348
2348
2348
2347
2346
2344
2344
2342
2341
2341
2341
2339
2339
2338
2338
2337
2336
2335
2335
2333
2332
2332
2332
2330
2330
2330
2329
2329
2329
2329
2329
2326
2325
2325
2325
2322
2322
2322
2322
2322
2321
2319
2319
2318
2318
2314
2314
2313
2313
2312
2312
2310
2309
2308
2308
2308
2308
2307
2306
2305
2304
2304
2303
2302
2301
2301
2300
2299
2298
2298
2297
2296
2295
2294
2290
2290
2290
2289
2288
2287
2286
2286
2285
2284
2283
2280
2280
2278
2277
2275
2274
2274
2274
2273
2270
2269
2267
2267
2266
2265
2265
2263
2263
2263
2262
2260
2259
2256
2256
2254
2254
2254
2252
2251
2250
2249
2248
2248
2248
2246
2244
2244
2243
2241
2241
2240
2240
2239
2237
2237
2237
2237
2237
2236
2236
2233
2231
2228
2228
2227
2227
2227
2226
2225
2224
2221
2221
2217
2217
2216
2214
2213
2213
2206
2205
2204
2204
2203
2203
2203
2203
2200
2199
2199
2198
2197
2197
2196
2193
2192
2191
2191
2190
2190
2187
2185
2183
2181
2179
2178
2178
2178
2175
2174
2173
2170
2169
2169
2168
2168
2167
2167
2167
2165
2165
2163
2158
2158
2155
2155
2155
2153
2153
2153
2152
2152
2148
2145
2143
2143
2142
2142
2141
2141
2140
2140
2139
2138
2137
2136
2135
2135
2129
2129
2129
2129
2128
2128
2127
2125
2124
2124
2123
2122
2121
2121
2120
2119
2118
2116
2116
2115
2114
2112
2111
2110
2110
2109
2109
2108
2107
2105
2103
2101
2101
2099
2096
2092
2092
2092
2087
2087
2084
2084
2083
2081
2080
2079
2078
2078
2075
2074
2074
2073
2073
2073
2072
2072
2072
2072
2070
2070
2068
2067
2065
2064
2063
2063
2062
2062
2061
2060
2060
2060
2059
2058
2058
2058
2056
2055
2054
2051
2051
2050
2049
2047
2047
2045
2045
2044
2043
2040
2039
2036
2034
2033
2030
2026
2025
2024
2023
2023
2022
2022
2022
2020
2020
2020
2017
2017
2016
2015
2015
2014
2012
2012
2012
2009
2009
2009
2009
2008
2007
2006
2006
2004
2001
2001
2001
2000
1999
1997
1995
1993
1992
1992
1990
1989
1989
1988
1988
1987
1986
1985
1985
1984
1984
1980
1980
1979
1978
1977
1976
1973
1972
1971
1968
1967
1966
1965
1965
1965
1964
1963
1963
1961
1961
1960
1959
1958
1958
1958
1957
1956
1956
1956
1954
1954
1950
1948
1948
1947
1947
1944
1941
1941
1941
1941
1941
1939
1939
1939
1939
1938
1937
1936
1935
1933
1932
1931
1931
1931
1928
1927
1927
1924
1924
1923
1923
1923
1923
1922
1921
1919
1919
1919
1915
1915
1915
1914
1914
1909
1908
1908
1904
1902
1902
1900
1900
1900
1895
1895
1894
1894
1893
1892
1891
1890
1889
1889
1888
1888
1884
1884
1884
1884
1883
1881
1880
1880
1880
1879
1878
1878
1877
1875
1874
1874
1871
1871
1870
1870
1869
1869
1868
1868
1867
1866
1866
1866
1865
1865
1864
1863
1861
1859
1859
1858
1857
1852
1851
1849
1847
1844
1844
1844
1843
1842
1842
1842
1841
1840
1840
1839
1839
1837
1836
1836
1836
1834
1834
1829
1826
1826
1824
1823
1823
1823
1822
1821
1821
1821
1819
1819
1817
1817
1815
1815
1813
1812
1812
1812
1811
1811
1806
1800
1800
1799
1797
1797
1796
1796
1795
1793
1793
1793
1791
1789
1787
1787
1786
1785
1784
1784
1783
1782
1780
1780
1779
1778
1778
1776
1776
1776
1773
1773
1772
1769
1769
1767
1761
1761
1759
1758
1757
1753
1752
1752
1751
1750
1750
1749
1749
1748
1747
1745
1744
1743
1742
1740
1739
1738
1736
1735
1734
1732
1731
1731
1729
1728
1727
1727
1725
1725
1725
1725
1723
1722
1721
1720
1715
1714
1711
1711
1711
1710
1709
1706
1705
1702
1701
1700
1700
1700
1699
1698
1697
1696
1695
1695
1693
1687
1687
1687
1686
1685
1683
1682
1682
1682
1681
1679
1676
1676
1675
1674
1673
1672
1672
1670
1667
1666
1665
1665
1663
1663
1663
1662
1662
1661
1660
1659
1659
1658
1658
1658
1657
1656
1654
1653
1652
1651
1650
1650
1648
1648
1645
1645
1644
1644
1643
1641
1640
1640
1639
1638
1637
1637
1637
1636
1631
1631
1628
1627
1626
1625
1622
1621
1620
1620
1617
1617
1616
1616
1615
1614
1613
1613
1613
1612
1609
1609
1608
1607
1606
1605
1604
1603
1602
1602
1601
1599
1599
1598
1598
1595
1594
1594
1593
1593
1592
1589
1588
1587
1585
1584
1583
1582
1580
1576
1576
1576
1575
1574
1573
1572
1572
1572
1569
1569
1569
1563
1563
1563
1562
1561
1561
1558
1557
1556
1555
1553
1553
1553
1551
1548
1548
1546
1546
1543
1543
1543
1542
1542
1542
1541
1538
1538
1536
1534
1533
1532
1531
1530
1526
1525
1524
1524
1523
1522
1519
1519
1518
1518
1517
1517
1516
1516
1516
1514
1512
1512
1506
1505
1504
1504
1503
1502
1502
1502
1501
1501
1499
1499
1498
1496
1496
1495
1495
1495
1494
1494
1494
1491
1491
1491
1490
1490
1490
1489
1489
1488
1488
1487
1487
1486
1485
1484
1483
1482
1481
1479
1478
1476
1475
1474
1474
1474
1473
1473
1471
1470
1470
1468
1467
1466
1465
1465
1464
1462
1462
1461
1460
1460
1457
1457
1456
1456
1455
1454
1453
1451
1451
1451
1449
1448
1446
1445
1443
1442
1442
1442
1439
1439
1439
1436
1433
1432
1431
1431
1431
1430
1429
1428
1427
1427
1427
1427
1427
1427
1424
1424
1422
1420
1419
1419
1414
1414
1413
1412
1410
1409
1408
1407
1407
1406
1406
1406
1406
1404
1404
1403
1401
1401
1399
1398
1397
1395
1392
1390
1389
1389
1389
1388
1387
1387
1386
1385
1383
1382
1382
1381
1381
1380
1380
1376
1376
1376
1375
1374
1374
1373
1369
1369
1368
1368
1367
1363
1362
1362
1360
1360
1360
1360
1359
1356
1356
1354
1353
1352
1351
1351
1350
1348
1346
1344
1343
1342
1341
1339
1339
1335
1335
1333
1333
1332
1332
1331
1328
1324
1324
1323
1323
1323
1322
1320
1317
1316
1316
1315
1313
1313
1312
1310
1310
1309
1308
1306
1306
1305
1305
1302
1301
1296
1296
1294
1294
1294
1293
1292
1292
1290
1289
1289
1288
1286
1285
1285
1284
1283
1277
1276
1274
1273
1271
1271
1270
1269
1268
1263
1262
1262
1261
1260
1260
1260
1258
1256
1255
1254
1250
1248
1246
1246
1246
1245
1245
1242
1242
1240
1239
1238
1238
1237
1236
1236
1234
1233
1231
1230
1229
1228
1227
1227
1224
1223
1223
1221
1220
1220
1219
1219
1217
1217
1217
1216
1215
1214
1212
1212
1211
1210
1210
1210
1209
1207
1207
1206
1206
1206
1205
1199
1197
1196
1196
1195
1194
1194
1184
1184
1183
1182
1181
1181
1181
1181
1179
1178
1176
1176
1174
1173
1172
1171
1170
1170
1169
1168
1167
1166
1166
1163
1162
1161
1161
1160
1160
1158
1158
1158
1155
1154
1152
1149
1148
1148
1147
1147
1146
1146
1145
1145
1144
1143
1142
1142
1142
1141
1141
1141
1141
1140
1140
1139
1137
1136
1136
1134
1132
1130
1129
1128
1128
1127
1125
1124
1123
1122
1121
1121
1120
1119
1117
1117
1117
1116
1115
1114
1114
1112
1112
1110
1110
1109
1107
1106
1104
1104
1103
1103
1102
1101
1100
1096
1096
1093
1093
1093
1092
1091
1091
1091
1089
1088
1088
1087
1086
1085
1082
1081
1080
1076
1076
1076
1073
1073
1071
1071
1070
1069
1068
1066
1065
1065
1063
1062
1061
1060
1058
1057
1055
1053
1053
1050
1050
1050
1048
1046
1045
1045
1045
1044
1042
1042
1040
1037
1035
1035
1033
1032
1031
1031
1029
1029
1028
1028
1027
1026
1024
1024
1024
1024
1023
1022
1019
1019
1016
1014
1012
1012
1011
1009
1009
1009
1008
1008
1006
1006
1005
1004
1004
1003
1003
1003
1003
1002
1001
1001
1001
999
999
999
996
994
993
991
991
990
989
987
987
987
987
987
987
984
982
981
980
978
976
976
975
975
974
974
973
972
969
968
967
966
965
965
965
965
965
964
963
963
963
963
962
962
960
959
959
955
954
954
954
953
953
952
951
950
949
948
946
945
944
942
942
940
939
937
937
937
936
936
935
935
934
932
932
929
929
927
927
926
925
924
923
922
922
922
921
921
919
918
915
914
913
912
910
910
909
909
909
909
908
908
908
906
906
905
903
902
901
901
899
899
898
898
897
895
893
892
892
891
891
891
890
889
888
888
888
886
885
884
883
881
879
879
879
878
875
874
874
870
870
870
866
866
866
866
866
866
865
865
864
864
862
860
860
859
858
858
856
856
855
855
854
852
852
851
850
850
849
848
848
847
846
845
844
843
842
840
839
837
834
834
833
833
832
832
832
829
829
827
826
826
820
819
819
819
819
818
818
818
817
816
816
812
812
811
809
806
806
806
806
805
805
805
804
802
799
799
798
798
798
798
797
796
796
795
794
793
793
792
792
791
790
789
786
784
782
780
779
779
778
776
776
774
773
773
771
771
771
770
770
768
768
767
766
766
765
763
762
761
757
756
755
754
753
750
750
747
747
746
746
745
745
742
742
741
741
740
740
739
739
738
738
738
737
737
736
734
734
732
732
731
731
731
730
728
728
726
726
724
723
722
718
717
717
717
716
714
712
712
711
709
708
708
708
707
704
703
702
702
702
702
699
699
698
697
697
695
691
690
690
690
689
688
687
687
687
686
686
685
685
683
682
682
682
682
681
681
681
681
678
677
675
672
671
669
668
662
662
661
661
660
660
658
655
655
650
650
649
647
647
647
646
645
644
644
642
639
637
637
636
636
636
636
634
632
631
631
631
629
625
624
623
623
623
622
621
621
621
620
619
617
617
614
614
614
613
612
612
608
608
604
604
604
603
602
600
600
599
599
598
597
597
596
595
593
592
591
590
589
588
588
588
587
586
584
584
584
583
582
581
580
578
576
575
574
573
573
573
573
572
571
570
569
569
568
568
566
564
560
559
559
559
557
556
556
555
554
553
552
549
548
547
546
545
544
544
542
542
542
540
539
539
538
538
537
537
536
535
532
531
530
529
525
524
523
523
522
522
522
520
520
518
516
515
513
511
511
510
509
509
508
507
507
506
505
503
503
502
501
499
499
496
496
496
495
494
492
489
488
487
486
485
485
485
484
482
482
482
481
481
480
480
479
478
477
477
474
473
472
471
470
470
470
470
469
469
468
468
467
467
466
465
464
464
464
462
461
460
460
459
459
458
457
455
455
455
454
451
449
448
448
448
448
444
444
442
441
440
439
437
437
437
437
435
435
433
433
431
429
429
429
428
428
426
425
424
424
424
423
423
422
421
418
416
416
416
415
413
413
411
410
410
408
407
407
405
404
402
401
400
400
398
398
397
396
396
395
395
393
393
393
392
392
391
391
391
389
386
385
384
383
383
382
382
381
380
376
375
374
374
373
373
371
370
369
368
368
368
368
367
365
365
364
364
364
363
363
362
362
362
362
361
360
359
359
357
357
356
356
356
356
355
355
353
353
352
352
352
350
349
349
348
347
347
345
345
344
344
343
343
341
340
338
337
335
335
333
332
332
331
329
329
327
327
327
327
327
325
325
325
325
324
322
322
321
320
320
318
317
315
314
314
313
311
311
310
310
308
307
306
305
305
300
300
294
294
293
292
291
291
291
290
289
289
288
288
285
283
283
282
282
282
282
280
280
279
277
276
275
274
272
270
269
269
267
267
266
265
265
264
263
262
261
260
260
258
256
254
254
252
252
251
251
248
247
246
244
243
242
242
242
241
239
238
238
237
236
234
234
232
232
232
232
230
229
226
222
222
221
220
220
219
218
217
217
217
215
215
215
214
214
213
209
209
208
208
207
206
201
201
200
200
197
197
197
196
195
194
193
192
191
191
190
189
187
184
182
181
176
173
172
169
168
168
166
164
163
163
162
161
161
158
158
157
156
154
153
153
153
153
152
151
151
151
151
150
149
149
148
147
145
144
143
140
139
138
137
135
134
133
131
131
131
131
131
130
130
128
127
127
127
125
122
122
120
119
119
118
117
117
116
115
112
112
111
109
109
107
106
105
104
104
102
102
101
101
100
100
98
97
96
95
95
93
92
91
91
90
90
89
87
87
87
84
84
84
84
83
81
81
80
80
79
79
78
78
77
76
76
75
73
72
72
70
70
69
69
68
67
67
66
66
64
62
62
62
61
60
59
58
58
56
56
56
53
53
49
49
46
46
45
43
41
40
39
39
38
38
38
36
35
35
32
32
31
30
30
27
26
26
24
19
18
17
16
16
15
15
13
12
11
11
10
9
9
7
7
7
7
6
5
4
4
3
3
1
1
1
1
1
