2632
1194
942
1928
3352
2941
1362
1014
1710
1008
2193
2565
116
3074
1046
874
4726
1941
3176
4700
2065
2599
482
1620
2461
2948
3687
1283
878
4351
3915
1462
2049
2070
1101
4103
248
773
4819
361
4260
516
3210
4620
3075
3012
1456
604
4300
343
3991
291
4520
3988
2216
4551
3253
4512
2169
3873
4384
2618
771
1301
3411
2579
3598
131
642
2309
282
1895
1431
1698
3494
2631
4193
2665
196
2572
4113
2214
1058
4278
4212
3823
3139
3881
908
2731
4884
3992
480
2346
1749
1351
4643
2348
613
1348
3046
1681
4880
899
4280
2025
4265
1457
3405
1171
4826
2377
407
559
4078
2277
2009
1495
391
4306
2240
7
3376
4638
4128
3985
967
421
3922
4240
2168
4756
3956
2725
1659
3967
1503
1442
3361
4568
2550
2488
2289
4103
2265
3692
4176
2290
4891
482
4614
4550
1601
1636
741
4046
4865
2078
3058
4945
1843
2178
2598
4384
4152
2335
580
2250
2339
4882
184
4902
2828
3646
329
4319
3045
4890
2169
352
1445
4911
1884
2056
2578
1961
1102
552
2165
1604
655
4808
4668
3159
4670
49
1620
4133
1582
4633
1130
1389
4635
2474
929
1871
471
3716
4513
2584
4538
1727
4350
4648
2068
470
681
1822
1725
2579
3098
2072
2020
523
1874
2474
2252
305
3503
408
1585
3338
689
1495
2564
4961
2298
1939
3672
2023
1967
3774
1106
2896
162
282
77
3816
1877
926
128
1448
4336
4306
658
4383
218
4302
621
2375
3898
1323
4434
4883
3524
690
2178
2741
2988
3910
3308
4454
3928
2543
3987
3758
2603
870
2023
4635
574
4469
2305
3641
3850
2706
3537
4132
909
2386
322
2795
2203
4339
448
4990
3043
888
3
1170
3228
1104
3124
4070
1711
4947
2377
2906
2054
383
4196
2294
407
3584
3228
2411
3476
2401
1220
300
4054
737
2904
468
1569
2761
96
2322
4833
4103
4330
1870
3562
4647
2511
3802
3578
4752
4826
4303
3136
2341
151
4424
4052
3945
3466
703
2263
855
1687
201
1643
3659
2501
4666
2116
1473
1183
1518
4943
4439
3638
3211
2531
2058
3276
3630
4866
3608
4283
3135
1531
866
2410
4018
833
3864
2748
2330
3070
1572
4873
1424
437
375
466
2300
1548
3725
826
464
3582
866
4792
4804
3200
3187
1109
2329
3534
2832
539
2301
2463
597
4632
3398
4559
3679
4550
206
2237
1915
1666
401
3473
1693
3915
576
1734
3160
622
3066
3455
937
3509
1950
3513
598
3461
4472
858
806
200
2404
2145
819
16
1979
662
3467
2710
909
4024
738
1335
4358
617
4738
1543
852
293
3435
4729
1158
1723
2563
2724
3341
834
3422
2540
3509
1429
2760
3538
2632
4433
3796
2297
127
866
3209
4416
1706
3889
1569
699
1387
2420
494
4124
1699
2477
1538
4102
4303
3814
4113
4680
994
4982
1070
2436
4687
584
4968
4298
4801
382
2651
79
2934
4862
3585
978
1196
1957
3064
209
95
1053
3231
1
2755
3404
4133
4838
2526
1615
2155
3697
4636
2723
3129
932
3711
392
1001
3760
2608
369
2782
4449
153
4516
745
397
1246
2197
2979
3287
1
726
2384
1009
2841
913
1749
3518
3894
1656
4803
3020
604
779
4034
3159
1339
2304
1210
723
2354
1407
3919
2975
215
3137
2122
768
661
2628
3653
291
4644
3261
2854
682
2703
3104
3375
812
4274
2244
70
2675
965
2997
4764
2656
1858
208
3490
4298
1676
75
2240
2072
3119
4645
53
3531
1683
393
4906
1517
3908
4654
62
1367
3882
644
418
2079
1076
3306
1705
4203
612
3307
3571
3834
1308
683
4227
4490
3978
3023
4329
2958
4339
3479
2187
4936
83
4051
1490
2855
1268
690
1115
2101
747
3429
4126
1657
1987
4423
2737
3607
4590
1676
4386
1863
1112
3129
879
591
27
1045
1172
3766
4143
1784
898
3445
2410
2674
3735
1672
2719
431
4967
1915
4361
1231
1599
2957
2246
1659
3802
4312
4927
169
2832
2850
349
2524
909
4737
1869
482
2823
2115
217
2329
1011
360
3270
4040
4256
368
2809
4156
4040
429
4581
2876
2227
3439
1506
1502
4592
2576
1923
384
2199
4492
2594
963
4647
3177
3469
3108
2348
4605
1881
3280
3047
3756
1797
2760
2528
1665
3128
708
688
819
4326
4905
4237
4966
416
1296
4325
4013
1140
2529
4654
2367
2237
3682
686
440
1390
3333
4323
4475
1419
1427
4798
2837
4592
4788
95
380
4518
69
4263
1609
905
955
2420
987
2206
1696
261
1467
3988
3243
3258
3638
1481
1148
4035
4335
1439
2809
4486
424
3203
1495
353
2217
4041
678
2878
2803
1305
325
3448
4298
4165
1081
989
3338
3157
3771
4547
522
636
400
3796
1484
2998
730
1027
2660
3398
1154
2410
3605
2971
3145
3996
860
56
2183
2603
3636
3496
1811
1915
4398
2886
239
3357
444
1965
56
1404
945
1519
1658
889
2205
2845
1294
1224
3382
187
4838
3053
332
4137
2111
355
2043
1006
2251
3368
1302
4805
3701
3399
2968
2916
4777
4004
3284
2228
608
4514
4654
3785
1932
4680
1178
3698
4659
1088
80
899
4478
4372
2654
2733
982
3323
4162
4249
4803
473
4314
1360
4310
596
363
2447
4272
3794
4609
2984
288
4824
3861
3720
2671
2567
2680
4104
3896
4634
435
4430
4627
2280
3865
3192
2928
2767
4515
1960
3763
3542
217
4378
2723
2980
151
1744
1709
4666
1356
2110
711
3881
3374
3693
2008
4219
3481
2977
1519
2385
3798
2321
3402
3634
4492
4377
4729
335
796
4712
2632
3083
1035
1902
247
2332
2865
4933
4447
4718
314
4981
1140
3374
12
2015
2050
3928
3854
1793
1476
18
4169
4936
3080
2657
620
4417
805
1958
4036
1428
2463
251
784
277
3199
2625
4583
556
2308
4202
4608
990
3951
3657
2794
1569
935
3197
4225
1534
3664
4554
3373
283
2916
3107
3445
4347
367
2913
1617
3291
1648
1491
4981
3583
2866
4477
4589
724
3853
1900
470
3887
4906
2721
3203
3974
2807
1001
1
1558
1129
2846
3876
17
2064
3535
1491
3606
636
3750
2431
964
2504
2979
4524
854
3686
2424
2009
1650
1984
131
936
2942
267
4919
2842
1073
4403
461
3233
3308
4042
4673
1446
1980
3641
2447
265
437
2352
1139
1003
1451
428
717
717
1261
2414
1024
4745
1682
2036
3192
3981
1823
2547
891
2688
1128
4652
919
3199
98
1351
3797
106
2526
3111
1223
3035
4
4825
352
699
310
3753
773
3225
3607
4055
2237
1883
4203
1498
4412
2312
3315
39
731
2785
3506
46
230
2655
1739
1076
2092
3098
4314
1214
395
3280
1211
1398
4186
3113
4162
320
4815
1024
3434
655
2399
3390
3351
1376
140
3722
2492
3468
1389
4724
2308
3859
3981
3430
327
2944
548
381
2686
112
2517
4723
817
145
3518
2802
3233
4081
1563
2067
2084
4150
2763
4565
4280
2400
49
3427
4983
1410
1215
3372
2325
292
4588
2672
356
79
4444
2153
4451
3730
1093
470
3639
2348
837
834
1141
4512
3550
4072
742
1725
3880
2265
1576
839
460
100
3267
3941
623
4532
3575
2895
2661
1502
4331
2204
2341
2704
4505
2009
2629
1956
4609
442
66
4871
4622
3348
109
3588
3290
2527
4722
1313
4923
4172
2897
4664
4667
4720
1823
232
1988
3334
4440
81
4973
1778
2304
4956
4775
3240
1262
457
404
4846
1212
2628
1343
1504
3832
2308
1096
3413
1747
3099
3353
2952
1003
1573
3473
3999
3912
1142
3675
115
714
1271
1752
467
3885
1869
4969
2604
3125
780
2167
4501
215
1120
4963
3993
2480
2155
518
3755
851
4706
3608
1368
2337
583
4773
1948
2047
84
3819
32
2940
3411
625
503
2330
1923
1333
2263
3211
4747
4662
2897
1687
4366
1316
2062
1989
4818
2590
2767
1880
2941
4798
87
1584
1431
2829
1793
3498
4961
2620
4558
2437
3145
2579
2129
855
3147
4511
3846
441
1145
2026
444
1406
2885
4557
2481
1890
2773
2877
1220
690
1941
1403
3639
2472
1195
4551
2087
58
2020
1205
2017
1700
910
3608
3228
3605
4540
4721
454
4131
1598
220
3084
3741
1757
617
2099
3416
2135
734
2631
2254
1107
2586
4664
4649
1616
1844
2269
4723
62
3492
1236
4648
3772
2647
3936
153
4180
4430
805
3233
4079
4206
4201
2566
459
538
2773
3771
4195
1427
3075
3164
3900
3310
1935
1465
2899
149
3883
818
1167
2588
1811
4725
492
523
1823
1799
1323
1062
3995
464
389
2237
2012
999
78
2726
3690
3155
3859
791
3182
2136
1206
1339
1785
2399
1631
3910
503
402
3119
2384
2290
1122
135
3885
1729
1767
3502
2956
2506
3013
542
568
252
2344
4260
76
4552
1776
1369
1162
2919
3821
3615
4538
991
4081
4168
604
2140
2070
993
3349
1176
2922
3664
3539
1160
2973
1593
3074
148
3554
314
2650
449
190
3290
1376
1176
1137
156
1780
3633
3987
4445
2939
798
2824
573
2811
2924
2590
522
373
3970
932
3311
4306
4152
4611
2181
3256
122
1323
1487
254
2562
147
728
3745
1861
3446
1442
1984
4397
1494
166
3731
2312
2378
2503
4253
1061
1100
2137
1346
2943
164
3003
1219
357
4852
3559
3924
712
1891
1443
4097
4085
1076
1306
3596
4727
220
3029
2030
4026
537
4959
1028
1580
4279
2825
2698
4288
4413
4426
578
1857
1524
3492
4954
4134
1614
4114
3911
2638
2836
4593
2153
573
1842
191
4745
738
4857
1791
4322
3234
364
3507
4406
4107
2665
3764
1836
3427
4795
4879
2445
2231
2204
2785
1658
3419
3938
2829
4649
1745
1933
3248
3229
888
1815
4287
2399
81
1263
2643
3023
2450
3812
3282
168
151
2109
2968
1958
4076
4371
2333
1491
731
2646
862
4299
559
398
553
2515
637
64
669
173
2600
4090
2595
4309
4977
1878
4672
2224
2423
2893
2761
1485
4877
2544
3101
3851
1821
2332
4756
1985
3112
3321
4347
2303
4887
3480
3049
4369
4136
1714
2787
2167
2116
4485
3205
2699
4233
3280
2236
2060
131
4318
3379
2785
3193
347
3167
2595
3299
1826
1439
4626
2670
2310
3512
10
2987
134
1335
1317
3660
1637
4812
2832
468
2504
2476
3462
104
3467
846
1866
1725
1376
460
623
3176
2274
1071
5
3404
3124
3252
4380
762
4653
11
282
2604
4993
761
2879
1978
1487
1868
2755
608
274
3892
1884
340
2919
1574
2040
770
4905
2129
3160
2730
2409
631
4686
3007
4942
1104
3784
4035
2839
3896
478
4657
3492
1947
2943
4586
4892
3397
215
1207
61
1401
2497
3988
2330
4398
4468
392
3758
4145
1427
3655
4355
161
3347
2828
2045
1715
2462
1427
1432
3627
1217
1245
1474
451
3742
3735
2504
3883
891
2728
3232
906
3613
4001
4454
496
137
805
3174
1
739
1997
4481
927
2883
511
3288
832
581
4502
1237
4630
987
1284
4860
2213
866
3341
4733
4638
1116
4579
847
4714
3247
4788
3051
4244
2259
315
3410
7
87
2419
3878
1412
996
321
2889
2221
4205
3987
1488
2366
481
3725
629
2290
946
4247
4017
2325
3667
2672
4518
647
509
2236
3664
2967
3096
1290
163
2999
1999
4532
1383
1797
1812
768
191
634
4314
832
3116
888
2358
3822
2544
2428
3012
3409
639
4651
1687
695
3973
4138
1093
4105
4111
3015
464
4680
953
2377
1246
2899
2175
433
2338
2483
4611
3606
1474
84
2313
153
4212
1501
4778
819
1409
1499
1466
3212
2001
3395
4039
4968
3554
1032
709
3501
3446
2139
3357
3586
3160
3683
1750
2060
2390
139
2880
359
3070
4541
1369
2975
1954
4021
208
691
3923
2227
2647
4705
3933
3910
290
4703
3600
2058
4226
3738
3866
3650
1504
1003
35
1381
3527
4958
3826
3586
2664
1399
3871
4765
915
56
1080
3029
3567
4482
4512
3036
3306
3015
234
1936
2583
2595
702
3053
364
1387
4625
2313
4009
1613
702
3063
232
2897
2062
1769
4
647
4529
4654
1033
1179
4014
4314
3484
2683
2430
237
2412
3647
2670
1024
3772
647
3460
3646
1921
72
3529
3966
1324
374
1488
755
4743
267
3862
101
416
1312
3830
4477
4116
587
424
3548
1342
4044
2487
2128
2840
3963
4364
1277
4805
4863
1112
356
2015
1941
1947
1181
4559
4320
1621
125
2430
3526
865
4936
3479
487
3438
4870
1603
3940
4730
3548
1658
3061
936
4934
2418
4220
3763
2295
332
4464
3472
4083
3220
2400
2859
1742
2941
4882
1553
3170
4408
4289
3966
3697
4890
531
2590
1363
1700
987
1561
3706
448
1199
4786
1736
3693
614
1460
1598
771
774
3175
3031
2772
2851
1026
400
792
4372
4107
4830
4644
3417
3441
1012
2014
1471
282
2244
4439
2533
3511
4754
4795
1939
972
2365
2635
2938
2867
2107
570
1023
91
327
4435
2891
1786
365
4685
2543
1341
3606
1454
3947
1532
2454
3429
1795
4699
3381
1542
1163
2846
2994
2248
2587
4392
1609
2237
3467
1888
2393
1065
1380
850
984
2634
597
2389
3586
4422
30
686
3053
1679
92
2221
4186
1608
182
885
2997
3299
3217
2127
2226
2968
1874
1121
677
2267
477
3068
1753
4531
4159
2810
3117
1641
4475
1884
3810
2932
3052
687
4226
2709
2384
1589
2601
1904
1045
331
702
2514
4093
1158
4721
4066
843
2787
4362
2471
698
4744
1182
3924
4670
7
465
152
865
3965
305
1602
2270
1022
1617
246
1931
1134
4108
9
2198
668
3745
53
4463
2332
650
1260
1462
1217
3308
1924
201
3798
3750
1971
1389
2110
3747
4400
311
1494
545
279
4801
3657
2020
2817
484
3206
4471
1551
3200
1923
3726
1374
1354
2740
1572
3508
405
3383
4698
1751
1184
238
455
3985
4355
4507
2965
2756
138
2393
2448
3056
1631
219
337
1594
2664
2861
3729
2800
2778
950
2810
4626
459
513
70
4169
3683
4343
3464
2140
2949
4485
1322
1546
4483
1392
4325
2348
649
2960
4738
2619
3104
4660
2560
1965
4339
4892
4062
3942
393
127
3880
4330
4942
2853
2698
2108
4498
892
1839
4655
4542
4549
2322
4595
1121
1607
1145
3349
3226
4163
2284
383
2878
4170
1456
3131
1720
1941
1024
4216
1465
1514
2471
4343
4272
4045
176
4669
424
3904
2568
4957
3867
1697
1012
4713
2483
859
4382
275
1360
289
1088
3245
3917
3783
525
3685
4238
3123
4597
1479
4113
1042
3412
3335
3384
1784
1735
999
338
1114
3159
2775
78
3977
280
3338
58
3646
3335
127
4689
3694
2479
682
2795
742
1524
2078
3132
4156
3942
3396
2943
2830
3917
2190
4990
343
4348
3788
2190
799
1433
327
2369
672
4288
2791
922
1563
4013
1840
200
1143
2387
1286
2307
3412
3288
3928
1536
3336
537
2535
1310
2336
4416
3239
4494
520
1859
4390
195
1667
4491
4184
2438
3781
226
2563
544
2843
3871
1401
4584
411
1269
2263
1959
3342
2191
3779
283
222
350
39
1037
3457
3905
2092
3429
4152
4106
1031
2450
4142
827
4051
1852
4235
4562
708
1963
1404
3362
4047
3235
2034
4952
646
586
3822
2373
229
189
2861
1682
4823
953
1834
4976
968
2081
4976
73
1931
2185
4652
2825
3393
3421
3699
3151
3977
1227
104
3941
4818
1675
4706
362
3675
410
3882
4547
948
4648
348
1289
2007
3652
153
1073
806
4453
2956
3752
1071
987
4437
1288
4345
2537
1793
3965
2700
4204
2828
2882
3080
3975
4724
3294
4360
2712
4202
1870
3668
313
4794
2357
2318
1494
3473
3021
556
2765
4543
569
4312
3787
3313
1796
3695
511
3553
2510
1294
2366
4241
1758
3191
3583
2892
2992
3490
26
1518
2445
4870
4948
2757
3041
4959
3881
437
1236
3804
2080
4858
1939
3576
3431
1769
3526
796
242
4604
1382
1223
3755
1362
2233
2092
1158
2774
2254
4892
2248
3417
3540
2425
4553
4999
1864
3378
2241
3341
4168
4446
151
3106
2665
1640
520
3018
3781
1961
1587
1992
1750
2288
2927
4827
1626
428
2871
3762
1644
258
2308
1968
1258
3280
1478
3406
4021
976
4348
1773
2768
1227
866
345
3002
4735
1711
2625
1110
2213
4408
364
921
197
1922
3062
3076
2543
771
1595
4977
4094
413
101
3111
870
3761
1914
2319
1728
2529
4707
3120
2163
4523
3522
2039
317
4720
1553
2928
1149
4798
4222
1844
929
1234
1593
2418
3721
84
1420
4341
2892
2446
3367
1375
1397
3914
3165
3967
1844
1973
4298
2832
1990
4666
2631
3787
728
1132
614
1813
3109
505
942
2073
619
4594
2114
1197
4530
2468
2112
209
954
4632
2061
3262
3721
3531
2203
455
3646
214
1937
1673
2971
320
327
3498
480
3953
3748
3187
2217
1914
571
2470
4948
4522
3645
1050
3099
2716
1254
4140
4259
4655
2287
2963
4983
41
3547
241
2841
2903
4836
644
1859
1651
3484
4725
2900
2533
757
3601
2913
2129
4502
4528
154
4326
4636
3372
2957
1427
3689
1638
4097
991
778
3223
4518
2000
4616
2577
2938
3381
4934
1050
902
4481
2950
3914
1941
386
3128
3462
702
4572
4397
3606
509
940
969
1548
754
3072
2588
3302
631
2167
4842
3452
4244
1866
2103
1085
2376
3625
3275
3534
90
194
1449
731
1817
1474
38
4612
2626
107
4587
3508
109
3372
687
3124
322
3415
687
1541
2412
4150
4117
4985
391
1210
2764
1538
2950
2051
2118
163
1824
4846
3159
4820
4096
4806
4424
1992
2618
496
4711
1117
2666
3174
3065
2168
422
3173
3301
1009
4274
4690
161
2128
962
4521
1042
2852
2135
308
1748
3849
4973
1009
4804
2869
1847
4038
3040
2800
1148
2893
1240
4416
2906
4420
2903
1239
4249
1044
2925
3764
4255
1908
3282
3485
704
4322
4924
1523
2898
2022
798
3875
2109
1045
2344
1695
2448
1142
1576
1674
1285
4152
786
472
4436
1385
4509
3875
3395
925
1895
3553
425
934
3623
3213
2574
4485
927
2329
2314
3572
3552
1374
4530
4384
3412
2473
818
848
3435
4558
3288
1606
2625
4523
2694
1919
962
595
2382
963
3507
1787
1381
1817
1124
4180
879
4847
3155
3668
3526
4116
753
2961
4768
3078
1092
3267
1406
1091
415
1989
1451
1276
1142
975
3604
4710
288
4998
4265
2477
1173
1455
479
3115
2440
2152
2173
2141
3698
4908
746
1880
4782
1931
1468
965
3808
3827
2472
4997
1740
3427
3976
260
4020
3551
4184
2991
3521
1840
4758
4178
300
766
1019
2527
2401
349
455
4462
4463
2200
4032
4701
2475
3386
2528
3120
3916
4095
637
4991
3023
1016
1711
1221
681
833
1219
3265
435
2931
1002
3983
3952
588
4483
3967
1008
2755
2420
588
1542
966
675
1483
1562
3866
3294
2644
3167
4219
1296
2748
111
832
4916
3684
4617
2473
1141
1637
4040
341
1152
4172
2414
4241
4219
4039
1063
68
2846
2417
1274
2940
4413
2072
4400
1436
1851
4366
2557
3276
3789
3138
1003
1006
3462
2083
959
3511
168
1350
1285
2859
2398
3796
1909
318
4562
4121
2096
2896
722
4549
4752
738
2006
2702
1086
2239
557
3926
3028
1029
4804
4773
266
3021
914
2914
582
2408
3866
1001
937
510
2523
2063
2605
584
806
746
4587
636
4412
3166
3533
4611
1464
3326
980
4351
3131
3767
1233
682
3492
1499
4252
2937
15
158
2568
4916
2657
3516
2658
2338
2964
4396
368
3603
1069
3114
3117
3014
256
118
1939
4006
6
2399
3252
1246
1380
697
3865
89
3964
499
4213
866
2894
4478
496
875
2511
1229
963
1819
1238
2178
529
306
3323
3473
661
1141
3622
954
4771
1406
2482
4379
848
621
1819
4518
4764
3965
1868
3614
1344
1489
1147
4486
575
681
903
2165
812
3668
4790
3225
790
4967
1181
2012
4438
4689
1505
792
1543
3602
4103
782
4244
1293
1057
1772
922
4887
2174
3754
3951
100
573
4849
3588
3569
3208
2319
2991
4053
1919
3991
325
4621
2572
4204
1359
2821
1066
3803
2837
2944
4480
3967
3955
1985
750
1672
4413
2249
2979
3008
1956
542
91
1125
554
1665
2158
1516
3504
4058
4559
3690
3433
429
631
1117
486
1255
4637
2045
697
1040
560
650
1388
1242
3274
4429
485
4671
2044
1181
2369
4351
1414
4903
5000
870
1557
1386
36
3926
4987
2865
564
2153
4780
242
2702
4169
4969
2923
1575
3956
3907
3493
4140
76
4153
3703
1184
2972
3935
4923
2074
1451
2916
589
3091
632
4574
31
485
1652
2524
396
2727
2179
1721
3946
3227
798
4259
232
1128
2565
3828
1315
45
3371
2256
3421
4783
3147
732
3809
67
4011
4660
1068
382
130
2058
1875
4409
3976
1473
4110
2074
3102
448
3013
4758
4516
4503
2638
2902
3645
1800
2721
4158
539
2846
2520
1496
4218
222
1605
59
2945
3742
3815
2273
636
864
3778
262
4338
881
4566
530
4850
3356
1292
3860
1592
1294
3113
573
4941
1332
307
2105
2314
3392
3633
3844
232
362
1834
4898
291
3157
3507
4805
2009
1005
4465
3368
532
3356
845
3071
3832
3638
3906
4520
3205
477
2677
939
4442
4859
2506
1119
4084
3425
965
2170
2152
4694
1166
1273
766
897
2893
3496
2298
2055
2510
4230
2120
621
1806
149
30
750
4613
4180
3736
954
2812
802
2865
2278
599
756
272
4786
2390
4395
4729
2433
1776
143
793
1470
489
3274
1829
325
2636
4875
4736
2779
3225
4438
437
1743
2917
1169
3764
345
2926
3168
2299
4998
3026
1356
3484
236
3848
4407
2001
15
1512
3966
448
3073
1880
599
2351
4452
3621
2499
3057
842
4227
522
4239
3348
681
2680
3239
965
4223
2248
4164
4995
3672
3398
3419
4664
1866
1964
1331
1460
4906
410
2960
2870
4455
3721
660
3780
1461
2652
2196
260
3843
105
3166
373
3136
311
2063
671
130
3199
2564
1782
924
3741
3700
4735
602
1663
4889
4012
2075
4069
2124
1821
3033
797
2283
80
1865
1682
3513
3141
1091
495
4780
538
150
745
4251
4379
3146
3385
3559
131
4192
470
747
2673
1648
708
3475
4210
3808
4981
1430
1849
1217
2347
1927
2492
1048
3291
794
1035
4416
2508
4393
2966
2262
2119
2274
19
3999
1759
2810
1050
3473
2006
568
1103
2267
3795
4414
1522
2586
158
2370
4078
4399
1977
3234
1542
4672
3597
1207
1091
4232
4703
4504
852
2792
3160
265
252
2228
2143
4983
891
2148
4724
3782
588
542
1457
1695
3934
2930
4299
3189
949
433
4068
4189
4462
2454
4958
507
1147
4492
840
3633
3114
1166
3447
3664
826
1028
4630
4992
4805
540
4088
4235
1196
2437
2051
3315
2621
4971
1888
1136
590
4692
2460
2515
4994
3982
4406
2595
3287
3879
3771
462
221
2413
1419
2286
4004
1561
1980
935
2581
1170
559
600
2260
2367
1787
1645
4012
3445
1965
1271
391
398
4980
4099
1783
2482
87
3332
908
3307
922
4926
3251
4388
811
197
1701
776
2280
1995
2713
4355
3847
3772
335
2129
2286
2508
2024
4238
2410
3757
2504
4534
4659
2921
3981
2496
3494
1842
356
4241
458
3920
3292
2275
4833
614
3261
214
2699
1501
1489
1262
2022
2659
4915
1486
1
3815
69
499
1815
84
4311
3688
3393
547
1516
4763
3507
1752
4632
1373
2521
3964
623
474
4961
3696
2600
276
3398
3017
4544
3163
2872
3495
3611
144
883
4102
2813
974
536
4999
2677
4632
2296
4838
732
3051
3197
1512
1228
1878
1553
359
325
4831
4002
1324
3805
4712
592
820
2322
1525
1555
4410
3502
1821
1900
2141
740
193
4325
1660
2502
1019
2895
2788
1210
912
2241
4253
3927
3688
2101
3361
3095
1889
2155
2073
1530
1670
112
1470
1836
62
2452
122
4976
4281
90
4509
2622
874
2143
908
906
1761
844
4200
4819
2329
4040
4425
2266
685
2652
4250
2158
3845
569
4330
2123
1161
2902
4411
1902
1533
1209
294
1408
3741
4246
3890
368
3185
2326
374
2254
2824
4316
4406
4518
2203
4990
3203
1837
1919
1839
370
3002
515
1625
1146
3374
264
937
4432
508
1065
1316
3076
3295
344
3772
4153
244
2404
2924
3024
416
3733
4906
951
718
4301
4632
269
4545
3916
2606
4301
4221
2433
952
102
4653
1612
4319
43
1779
3892
886
2243
1588
3667
3235
3868
1475
3788
4962
3609
4498
4470
2436
856
3503
4367
584
2480
4777
2783
4154
4274
1594
2059
2781
2699
660
1572
1923
4535
66
289
485
4942
3984
3195
3672
1174
1986
3874
2682
3103
3333
4775
3825
4128
2491
285
3258
776
1976
4752
3044
4158
566
2302
2363
624
1686
4406
1613
1004
4053
4254
2775
734
2012
1893
4658
2945
763
3744
858
1305
4285
3421
2017
555
2897
960
4581
4419
1502
3875
1653
795
1963
4351
1738
1884
603
4196
2142
423
1382
901
1602
3127
3701
923
767
1731
3107
507
3669
3696
1161
3377
93
1245
3468
4863
3374
1496
4939
3501
3834
1313
347
2721
4844
4327
1368
3496
726
269
1093
234
4421
3233
2820
501
329
3620
987
393
4193
2557
242
396
1628
3001
2574
2658
593
1427
3692
1871
3781
3561
4420
3522
1406
3511
1894
3992
3487
3059
3786
4716
3484
2788
4870
1490
172
395
3579
3211
46
2697
850
2515
3171
921
327
1517
362
4086
4755
2998
488
1096
2436
1114
3644
4586
2325
3547
4283
1644
3486
1599
280
72
1181
3636
3004
2191
4845
3326
1938
4228
981
4072
4847
38
2404
3843
3250
3951
3562
4725
2361
2911
7
3670
901
35
2677
2121
4032
3636
4958
1442
2227
3307
2483
549
3843
1053
117
1663
3352
4858
102
712
3491
3207
2192
1089
4148
213
207
3678
4371
3040
1732
4921
2952
1778
119
4848
1563
645
344
4004
1490
2301
4374
4483
682
1439
2435
4243
4338
429
2436
1216
1206
4579
4556
4777
3167
3775
38
793
4938
1431
4528
3964
4275
3448
974
1333
1482
133
4383
741
2932
2576
2274
3256
1842
3655
1353
4010
254
739
1654
2508
3398
3553
3776
1414
3072
959
2609
4154
3832
2422
3951
1248
816
1948
3527
3240
1613
884
1242
120
4194
4688
4474
1144
1780
4151
324
1155
1556
2072
3338
469
4514
502
809
4969
2022
4117
16
3919
1332
2942
4171
423
2808
376
2503
3084
2889
1168
2647
3256
740
600
3881
2339
976
2992
2740
1310
3537
770
371
1988
4033
1789
2358
2124
2861
3603
4776
4588
4583
3326
2868
3907
3043
217
2001
1731
3381
3168
1776
918
4486
4920
1270
1836
4185
2500
4593
1889
3221
3879
11
779
3627
24
1212
860
413
1230
2417
97
973
1663
1661
3629
2047
4147
4740
3223
975
426
481
879
2809
469
1127
3901
2416
3336
32
119
4344
4370
4223
1894
1867
1685
1103
3348
3389
3142
3634
3208
2530
765
357
3228
999
2335
3993
243
181
535
4905
1954
4620
251
4412
4066
1773
3354
2784
3452
4482
4115
157
685
3231
1141
3939
4444
4287
3
798
13
806
1800
4774
1082
789
1238
3378
1576
4451
1110
944
2625
1812
270
3073
1841
4399
856
2413
2860
612
1117
4675
3930
3044
2812
1627
4930
3573
2722
2084
1031
2448
1637
333
1407
2632
965
3901
117
2719
3373
4734
4071
829
352
1908
2712
4070
1289
4835
368
717
238
4764
67
4444
3974
3689
1879
2199
3534
4535
1309
3639
353
3824
4668
1004
467
1993
2121
1029
1306
2874
1250
2318
3464
2938
1958
1543
1136
804
1424
4921
2004
4372
3808
2454
4507
4436
294
4914
1516
4062
3975
1413
3961
4381
4442
1622
2073
4800
3265
4908
1900
1583
2980
898
4544
1352
4371
4116
2125
2138
1927
3856
4226
2821
2306
4664
1526
4087
2285
2341
4232
829
2470
799
9
3835
3266
4360
2322
4089
1972
1812
1727
2893
3525
4546
3679
4747
363
439
4906
60
2719
40
2717
2349
197
1722
3329
2844
3206
2329
3796
3938
3511
4169
3420
864
3400
2816
2142
1320
736
4772
2651
3228
1662
2571
4477
2402
4507
2531
1194
1360
4165
1060
1865
355
2388
3682
3145
1260
3131
1924
1702
2256
4500
3361
1700
2203
385
1123
263
2509
546
662
1256
3273
3980
4726
4157
1662
1645
737
716
1260
2429
1944
818
362
1892
3450
4908
1639
2570
572
3163
2946
131
1725
2356
3444
4248
1206
4387
4925
524
4676
3075
2087
4022
3578
356
544
1966
4798
2805
4857
2701
1640
2914
4970
3475
310
2732
1055
3439
890
963
1650
3455
816
26
3398
2713
5000
2944
2498
3036
2567
2571
1826
3820
3685
4239
3215
2879
4722
849
2975
1160
3673
2342
987
819
3274
3512
2016
2833
1422
2983
1796
365
4701
3508
2725
893
2534
1146
4242
2060
1292
895
2819
2448
4882
2683
3982
192
909
1395
4658
4134
2862
1328
3524
1360
4847
3989
2033
4345
3843
2792
2527
4659
4767
3705
3748
2225
3383
2623
4000
506
2509
2519
3826
1453
1616
4408
4575
1956
3232
3057
2197
4561
4271
1087
3771
910
3514
4074
4649
4804
3746
1546
2696
2356
892
4516
707
3235
3627
4924
4406
2322
1761
